45
0 0 897.12 612
1 0 901.44 646.56
2 0 902.88 669.6
0 1 655.2 577.44
1 1 656.64 612
2 1 656.64 635.04
0 2 749.952 554.688
1 2 753.408 590.976
2 2 753.408 613.44
0 3 744.768 558.144
1 3 746.496 594.432
2 3 746.496 616.896
0 4 851.904 565.056
1 4 855.36 599.616
2 4 855.36 622.08
0 5 658.368 509.76
1 5 660.096 544.32
2 5 660.096 566.784
0 6 896.832 611.712
1 6 900.288 646.272
2 6 902.016 668.736
0 7 1487.81 938.304
1 7 1501.29 976.666
2 7 1511.65 1007.77
0 8 657.331 510.106
1 8 659.405 545.357
2 8 659.405 566.093
0 9 744.422 557.798
1 9 746.496 593.05
2 9 746.496 615.859
0 10 217.728 829.44
1 10 213.581 870.912
2 10 211.507 893.722
0 11 216.484 846.029
1 11 211.507 885.842
2 11 209.019 908.237
0 12 664.382 512.594
1 12 664.382 547.431
2 12 664.382 569.825
0 13 656.917 510.106
1 13 659.405 544.942
2 13 659.405 567.337
0 14 303.575 398.131
1 14 301.087 432.968
2 14 301.087 455.363
0 15 231.414 858.471
1 15 226.437 900.772
2 15 223.949 923.167
0 16 895.795 609.639
1 16 900.772 644.475
2 16 900.772 666.87
0 17 218.972 828.611
1 17 213.996 868.424
2 17 211.507 893.307
0 18 218.972 741.52
1 18 213.996 778.844
2 18 211.507 801.239
0 19 853.494 564.849
1 19 855.982 599.685
2 19 855.982 622.08
0 20 1134.67 666.87
1 20 1142.14 701.706
2 20 1147.12 726.59
0 21 743.51 558.379
1 21 746.496 594.211
2 21 746.496 615.113
0 22 656.917 510.603
1 22 659.903 543.449
2 22 659.903 567.337
0 23 229.921 859.964
1 23 223.949 901.767
2 23 223.949 925.655
0 24 653.931 501.645
1 24 653.931 537.477
2 24 653.931 558.379
0 25 331.444 588.239
1 25 328.458 624.071
2 25 328.458 644.973
0 26 216.484 846.029
1 26 211.507 885.842
2 26 209.019 910.725
0 27 644.973 824.132
1 27 647.959 862.95
2 27 647.959 886.837
0 28 1128.7 677.819
1 28 1134.67 713.65
2 28 1140.65 737.538
0 29 218.972 741.52
1 29 213.996 778.844
2 29 212.005 803.23
0 30 853.992 564.351
1 30 856.978 600.183
2 30 856.978 621.085
0 31 639.001 558.379
1 31 639.001 594.211
2 31 639.001 618.099
0 32 1666.18 877.88
1 32 1681.11 916.697
2 32 1693.05 943.571
0 33 859.964 606.155
1 33 865.936 641.987
2 33 865.936 662.889
0 34 895.795 609.141
1 34 898.781 644.973
2 34 901.767 668.861
0 35 1121.54 680.805
1 35 1128.7 716.636
2 35 1132.29 741.719
0 36 644.973 508.812
1 36 648.556 544.644
2 36 648.556 566.143
0 37 655.722 501.645
1 37 655.722 533.894
2 37 655.722 558.976
0 38 211.408 849.214
1 38 207.825 888.629
2 38 204.241 913.711
0 39 1128.7 673.638
1 39 1135.87 709.47
2 39 1139.45 734.552
0 40 217.977 743.51
1 40 213.996 778.844
2 40 211.408 802.633
0 41 637.806 558.976
1 41 637.806 594.808
2 41 641.39 616.307
0 42 318.903 580.475
1 42 315.32 616.307
2 42 315.32 637.806
0 43 859.964 601.975
1 43 863.547 637.806
2 43 867.13 662.889
0 44 741.719 523.145
1 44 745.302 558.976
2 44 745.302 580.475
