31
0 0 1564 704
1 0 1626 720
2 0 1680 733
0 1 1564 704
1 1 1626 721.2
2 1 1680 733.2
0 2 1574.4 711.6
1 2 1635.6 728.4
2 2 1690.8 741.6
0 3 1564.8 704.4
1 3 1626 721.2
2 3 1679.04 732.96
0 4 1574.4 711.6
1 4 1635.6 728.4
2 4 1690.56 741.6
0 5 1573.92 711.36
1 5 1634.69 729.216
2 5 1689.98 741.312
0 6 1564.8 704.4
1 6 1626 721.2
2 6 1679.62 732.672
0 7 976.32 662.4
1 7 1021.25 667.008
2 7 1059.26 668.736
0 8 1396.22 651.456
1 8 1451.52 658.368
2 8 1498.18 663.552
0 9 1322.96 653.184
1 9 1373.76 660.096
2 9 1418.69 665.28
0 10 1572.62 711.66
1 10 1634.69 729.216
2 10 1689.98 742.349
0 11 976.32 661.824
1 11 1021.25 667.008
2 11 1059.61 667.699
0 12 976.666 663.552
1 12 1021.25 667.008
2 12 1057.54 671.846
0 13 1578.01 684.288
1 13 1640.22 700.877
2 13 1696.21 713.318
0 14 1578.01 615.859
1 14 1642.29 629.545
2 14 1699.52 641.987
0 15 1322.96 653.184
1 15 1373.55 659.405
2 15 1418.34 664.382
0 16 1565.15 706.683
1 16 1627.36 724.101
2 16 1682.1 734.055
0 17 1572.62 711.66
1 17 1634.83 729.078
2 17 1689.57 741.52
0 18 1292.93 743.51
1 18 1340.71 752.468
2 18 1382.51 758.44
0 19 1358.62 743.51
1 19 1412.37 752.468
2 19 1457.16 761.426
0 20 307.556 229.921
1 20 361.304 226.935
2 20 400.122 229.921
0 21 1451.19 913.711
1 21 1504.94 928.641
2 21 1552.71 940.585
0 22 1564.66 707.678
1 22 1627.36 724.101
2 22 1681.11 737.538
0 23 1319.81 653.931
1 23 1373.55 659.405
2 23 1415.36 665.875
0 24 1376.04 651.94
1 24 1427.3 659.903
2 24 1472.09 665.875
0 25 978.209 659.305
1 25 1021.21 666.472
2 25 1057.04 671.847
0 26 1319.81 653.931
1 26 1372.36 659.305
2 26 1415.36 662.889
0 27 978.209 659.305
1 27 1021.21 666.472
2 27 1057.04 670.055
0 28 1393.86 652.139
1 28 1447.61 659.305
2 28 1494.19 662.889
0 29 1564.66 707.678
1 29 1627.36 724.101
2 29 1680.51 734.552
0 30 440.731 480.146
1 30 487.313 480.146
2 30 526.728 483.73
