26
0 0 1529.28 519.84
1 0 1532.16 504
2 0 1540.8 489.6
0 1 1317.6 436.32
1 1 1313.28 417.6
2 1 1314.72 400.32
0 2 1315.01 442.368
1 2 1311.55 423.36
2 2 1313.28 406.08
0 3 1525.82 513.216
1 3 1529.28 495.936
2 3 1537.92 482.112
0 4 1308.1 475.2
1 4 1304.64 457.92
2 4 1306.37 440.64
0 5 1318.81 437.53
1 5 1314.66 418.867
2 5 1316.74 400.205
0 6 1522.02 514.253
1 6 1524.1 497.664
2 6 1532.39 483.149
0 7 1314.66 441.677
1 7 1312.59 425.088
2 7 1314.66 406.426
0 8 1337.47 452.045
1 8 1335.4 435.456
2 8 1337.47 416.794
0 9 1308.1 475.2
1 9 1304.64 457.92
2 9 1304.29 439.603
0 10 611.712 725.76
1 10 586.829 715.392
2 10 561.946 696.73
0 11 1308.86 475.269
1 11 1303.88 457.851
2 11 1306.37 440.433
0 12 1306.37 465.316
1 12 1301.39 447.898
2 12 1301.39 430.479
0 13 1336.23 452.874
1 13 1333.74 435.456
2 13 1336.23 415.55
0 14 1310.85 486.716
1 14 1304.88 468.8
2 14 1307.86 453.87
0 15 1321.3 437.944
1 15 1316.32 418.038
2 15 1316.82 400.122
0 16 1316.32 442.921
1 16 1313.83 426.996
2 16 1313.83 406.094
0 17 1340.71 444.912
1 17 1337.72 426.996
2 17 1340.71 409.08
0 18 670.055 541.06
1 18 644.973 528.519
2 18 621.085 507.617
0 19 612.127 726.59
1 19 587.244 714.148
2 19 561.365 698.72
0 20 573.309 892.809
1 20 548.227 885.046
2 20 519.561 877.88
0 21 1318.61 444.315
1 21 1313.83 426.996
2 21 1315.03 404.9
0 22 1332.94 447.898
1 22 1329.36 429.982
2 22 1332.94 412.066
0 23 670.055 541.06
1 23 644.973 528.519
2 23 623.474 508.812
0 24 609.141 727.386
1 24 584.059 716.636
2 24 558.976 698.72
0 25 668.861 570.323
1 25 644.973 558.976
2 25 619.89 541.06
