34
0 0 264 293
1 0 288 288
2 0 316 283
0 1 734.4 731.52
1 1 756.864 732.672
2 1 781.2 732
0 2 96.48 519.84
1 2 118.08 512.64
2 2 142.56 506.88
0 3 734.4 731.52
1 3 756.864 732.672
2 3 781.92 732.96
0 4 263.52 293.76
1 4 289.44 288
2 4 315.36 283.68
0 5 199.066 666.87
1 5 223.949 661.893
2 5 250.56 656.64
0 6 194.918 669.773
1 6 221.875 663.552
2 6 248.832 660.096
0 7 257.126 912.384
1 7 278.208 907.2
2 7 302.4 905.472
0 8 127.872 267.84
1 8 153.792 260.928
2 8 179.712 255.744
0 9 736.128 731.981
1 9 756.864 732.672
2 9 782.784 732.672
0 10 128.563 267.494
1 10 153.446 261.274
2 10 180.403 255.053
0 11 265.421 939.341
1 11 284.083 935.194
2 11 308.966 933.12
0 12 199.066 666.87
1 12 221.875 663.552
2 12 250.906 657.331
0 13 252.979 899.943
1 13 273.715 895.795
2 13 298.598 893.722
0 14 153.446 754.791
1 14 172.109 748.57
2 14 196.992 744.422
0 15 872.986 410.573
1 15 899.943 410.573
2 15 928.973 410.573
0 16 151.788 753.961
1 16 169.206 748.984
2 16 194.089 744.008
0 17 263.762 938.097
1 17 283.669 933.12
2 17 308.552 930.632
0 18 250.823 895.795
1 18 271.725 892.809
2 18 298.598 890.819
0 19 873.401 410.573
1 19 900.772 410.573
2 19 930.632 408.085
0 20 199.066 666.87
1 20 223.949 662.889
2 20 251.32 656.917
0 21 92.0679 517.571
1 21 116.122 512.179
2 21 136.858 505.129
0 22 126.904 266.25
1 22 154.276 258.785
2 22 181.647 253.809
0 23 216.484 554.896
1 23 236.39 547.431
2 23 258.785 542.454
0 24 199.066 666.87
1 24 223.949 662.889
2 24 250.823 659.903
0 25 737.538 734.552
1 25 761.426 734.552
2 25 785.314 734.552
0 26 877.88 406.094
1 26 904.753 406.094
2 26 934.613 406.094
0 27 722.608 450.884
1 27 746.496 453.87
2 27 776.356 450.884
0 28 164.229 763.914
1 28 185.131 758.44
2 28 206.033 755.454
0 29 731.566 465.814
1 29 755.454 465.814
2 29 785.314 465.814
0 30 197.075 670.055
1 30 222.157 662.889
2 30 250.823 659.305
0 31 218.574 953.126
1 31 236.49 949.543
2 31 261.572 945.96
0 32 261.572 935.21
1 32 279.488 931.627
2 32 304.57 928.044
0 33 723.803 447.898
1 33 748.885 447.898
2 33 777.55 447.898
