25
0 0 1537.92 482.4
1 0 1558.08 480.96
2 0 1559.52 482.4
0 1 1679.62 744.422
1 1 1700.35 746.496
2 1 1698.62 749.952
0 2 648 815.616
1 2 654.912 824.256
2 2 642.816 831.168
0 3 1211.33 131.328
1 3 1225.15 127.872
2 3 1225.15 126.144
0 4 1573.86 213.581
1 4 1596.67 207.36
2 4 1600.82 207.36
0 5 649.037 814.925
1 5 655.258 825.293
2 5 642.816 831.514
0 6 1016.06 889.575
1 6 1024.36 899.943
2 6 1013.99 908.237
0 7 1210.98 130.637
1 7 1225.5 128.563
2 7 1225.5 126.49
0 8 1679.62 744.422
1 8 1700.35 746.496
2 8 1700.35 750.643
0 9 617.933 796.263
1 9 624.154 804.557
2 9 613.786 812.851
0 10 1595.01 116.951
1 10 1619.9 109.486
2 10 1622.39 106.998
0 11 1450.69 582.267
1 11 1468.11 582.267
2 11 1465.62 584.755
0 12 1398.44 716.636
1 12 1413.37 721.613
2 12 1410.88 724.101
0 13 594.432 929.664
1 13 588.902 939.341
2 13 564.849 948.05
0 14 1211.81 131.881
1 14 1224.25 129.393
2 14 1224.25 126.904
0 15 1594.52 116.453
1 15 1615.42 107.495
2 15 1621.39 107.495
0 16 803.23 274.711
1 16 806.216 280.683
2 16 797.258 280.683
0 17 1397.44 716.636
1 17 1412.37 722.608
2 17 1409.38 725.594
0 18 1552.71 766.403
1 18 1567.64 770.384
2 18 1567.64 776.356
0 19 1211.12 132.578
1 19 1224.25 129.393
2 19 1224.25 128.397
0 20 1680.51 745.302
1 20 1700.35 746.496
2 20 1699.03 752.468
0 21 795.466 283.071
1 21 799.05 290.238
2 21 791.883 290.238
0 22 1003.29 910.128
1 22 1010.46 920.878
2 22 999.708 928.044
0 23 802.633 275.905
1 23 806.216 279.488
2 23 795.466 279.488
0 24 1401.02 716.636
1 24 1415.36 720.22
2 24 1411.77 723.803
