103
0 0 802 998
1 0 799 999
2 0 796 1000
0 1 679 923
1 1 676 925
2 1 673 926
0 2 584 796
1 2 581 798
2 2 578 799
0 3 883 634
1 3 880 635
2 3 877 636
0 4 874 769
1 4 872 770
2 4 868 771
0 5 872 636
1 5 868 637
2 5 865 638
0 6 884.4 690
1 6 880.8 690
2 6 877.2 691.2
0 7 799.2 998.4
1 7 796.8 999.6
2 7 793.2 1000.8
0 8 874.8 769.2
1 8 871.2 770.4
2 8 868.8 771.6
0 9 799.2 980.4
1 9 796.8 981.6
2 9 794.4 982.8
0 10 584.4 795.6
1 10 582 798
2 10 578.4 798
0 11 716.4 908.4
1 11 714 910.8
2 11 710.4 910.8
0 12 723.6 898.8
1 12 721.2 901.2
2 12 717.6 902.4
0 13 728.4 992.4
1 13 726 994.8
2 13 722.4 994.8
0 14 872.64 437.76
1 14 868.8 439.2
2 14 865.2 439.2
0 15 724.8 906
1 15 721.2 908.4
2 15 718.8 908.4
0 16 874.8 646.8
1 16 871.2 648
2 16 867.6 649.2
0 17 736.8 998.4
1 17 734.4 999.6
2 17 730.8 1000.8
0 18 576 833.76
1 18 573.12 835.2
2 18 570.24 836.64
0 19 803.52 1003.68
1 19 800.64 1005.12
2 19 797.76 1006.56
0 20 872.64 707.04
1 20 869.76 708.48
2 20 865.44 709.92
0 21 728.64 997.92
1 21 725.76 999.36
2 21 722.88 1000.8
0 22 884.16 715.68
1 22 881.28 715.392
2 22 876.96 717.12
0 23 557.28 721.44
1 23 554.4 722.88
2 23 551.52 724.32
0 24 799.2 980.64
1 24 796.32 982.08
2 24 793.44 982.08
0 25 722.88 898.56
1 25 720 901.44
2 25 717.12 901.44
0 26 699.84 966.24
1 26 696.96 969.12
2 26 694.08 969.12
0 27 724.32 902.88
1 27 721.44 904.32
2 27 718.56 904.32
0 28 599.04 911.52
1 28 596.16 912.96
2 28 593.28 914.4
0 29 872.64 437.76
1 29 868.32 439.2
2 29 865.44 439.2
0 30 1157.76 921.6
1 30 1154.88 921.6
2 30 1152 923.04
0 31 874.368 770.688
1 31 871.2 770.4
2 31 868.32 771.84
0 32 781.2 642
1 32 777.6 642.24
2 32 774.72 643.68
0 33 228.096 806.63
1 33 224.64 810.432
2 33 223.2 809.28
0 34 805.248 1017.79
1 34 803.52 1021.25
2 34 800.064 1021.25
0 35 884.736 777.6
1 35 881.28 777.6
2 35 877.824 777.6
0 36 875.059 771.379
1 36 872.64 772.416
2 36 869.184 772.416
0 37 556.416 722.304
1 37 552.96 724.032
2 37 551.232 724.032
0 38 578.88 715.392
1 38 577.152 717.12
2 38 573.696 717.12
0 39 883.354 776.356
1 39 781.056 706.752
2 39 777.6 708.48
0 40 875.889 771.379
1 40 775.872 703.296
2 40 772.416 703.296
0 41 717.12 908.928
1 41 713.664 910.656
2 41 710.208 912.384
0 42 872.64 438.912
1 42 868.32 439.2
2 42 865.728 440.64
0 43 228.096 806.63
1 43 224.64 810.432
2 43 222.912 808.704
0 44 798.336 1005.7
1 44 796.608 1007.42
2 44 793.152 1007.42
0 45 736.128 1007.42
1 45 734.4 1009.15
2 45 730.944 1009.15
0 46 648 912.384
1 46 646.272 914.112
2 46 642.816 914.112
0 47 872.64 634.176
1 47 869.184 635.904
2 47 865.728 635.904
0 48 798.336 1005.7
1 48 796.263 1007.77
2 48 794.189 1007.77
0 49 883.354 777.6
1 49 881.28 777.6
2 49 877.133 779.674
0 50 875.059 771.379
1 50 872.986 773.453
2 50 868.839 773.453
0 51 555.725 721.613
1 51 553.651 723.687
2 51 549.504 723.687
0 52 580.608 715.392
1 52 576.461 717.466
2 52 574.387 717.466
0 53 783.821 706.683
1 53 781.333 706.683
2 53 777.6 707.098
0 54 874.894 773.37
1 54 873.401 773.868
2 54 773.453 705.024
0 55 872.986 688.435
1 55 870.912 690.509
2 55 866.765 690.509
0 56 721.613 897.869
1 56 719.539 899.943
2 56 717.466 899.943
0 57 702.951 682.214
1 57 700.877 682.214
2 57 696.73 684.288
0 58 696.73 682.214
1 58 694.656 686.016
2 58 690.509 684.288
0 59 715.392 910.311
1 59 713.318 910.311
2 59 709.171 912.384
0 60 574.387 833.587
1 60 570.24 835.661
2 60 568.167 835.661
0 61 228.925 806.216
1 61 226.022 808.704
2 61 223.949 808.704
0 62 1159.14 918.605
1 62 1157.07 920.679
2 62 1152.92 920.679
0 63 800.41 999.475
1 63 798.336 1001.55
2 63 794.189 1001.55
0 64 779.674 638.669
1 64 777.6 640.742
2 64 773.453 640.742
0 65 587.244 848.517
1 65 584.755 851.006
2 65 582.267 851.006
0 66 228.925 806.216
1 66 226.022 808.704
2 66 223.949 808.704
0 67 584.755 793.774
1 67 582.267 796.263
2 67 579.779 798.751
0 68 883.354 777.6
1 68 881.28 777.6
2 68 878.377 778.844
0 69 875.889 771.379
1 69 872.986 773.453
2 69 868.424 773.868
0 70 554.896 721.613
1 70 552.407 724.101
2 70 549.919 724.101
0 71 579.779 716.636
1 71 577.29 719.125
2 71 574.802 716.636
0 72 716.636 908.237
1 72 714.148 910.725
2 72 711.66 910.725
0 73 883.852 776.356
1 73 880.866 779.342
2 73 778.844 706.683
0 74 779.342 704.692
1 74 776.356 704.692
2 74 773.868 704.195
0 75 676.823 923.167
1 75 674.335 925.655
2 75 671.847 925.655
0 76 701.706 683.791
1 76 699.218 684.288
2 76 696.73 684.288
0 77 779.342 636.015
1 77 777.6 640.742
2 77 773.868 639.498
0 78 729.078 992.84
1 78 726.59 995.328
2 78 724.101 995.328
0 79 679.312 948.05
1 79 676.823 950.538
2 79 674.335 950.538
0 80 614.615 878.377
1 80 612.127 880.865
2 80 609.639 880.865
0 81 585.253 848.02
1 81 582.267 851.006
2 81 579.281 851.006
0 82 874.894 773.37
1 82 871.908 773.37
2 82 868.922 776.356
0 83 555.393 722.608
1 83 552.407 725.594
2 83 549.421 725.594
0 84 597.197 710.664
1 84 594.211 713.65
2 84 591.225 713.65
0 85 779.342 704.692
1 85 776.356 704.692
2 85 773.37 704.692
0 86 701.706 683.791
1 86 698.72 683.791
2 86 695.734 683.791
0 87 880.866 633.029
1 87 877.88 633.029
2 87 874.894 633.029
0 88 594.211 862.95
1 88 591.225 865.936
2 88 588.239 865.936
0 89 874.894 665.875
1 89 871.908 668.861
2 89 868.922 668.861
0 90 558.379 818.16
1 90 555.393 821.146
2 90 552.407 821.146
0 91 612.127 880.866
1 91 609.141 883.852
2 91 606.155 883.852
0 92 570.323 833.09
1 92 567.337 836.076
2 92 564.351 836.076
0 93 229.921 806.216
1 93 226.935 809.202
2 93 223.949 809.202
0 94 644.973 910.128
1 94 641.39 913.711
2 94 637.806 913.711
0 95 623.474 892.212
1 95 623.474 895.795
2 95 619.89 895.795
0 96 877.88 773.967
1 96 874.296 773.967
2 96 870.713 773.967
0 97 881.463 630.64
1 97 877.88 630.64
2 97 874.296 630.64
0 98 874.296 641.39
1 98 870.713 641.39
2 98 867.13 641.39
0 99 881.463 648.556
1 99 877.88 648.556
2 99 874.296 652.139
0 100 551.81 723.803
1 100 551.81 723.803
2 100 548.227 723.803
0 101 698.72 680.805
1 101 698.72 684.388
2 101 695.137 684.388
0 102 779.342 704.692
1 102 777.55 705.887
2 102 773.967 705.887
