23
0 0 1344 703.2
1 0 1406.88 711.36
2 0 1464 726
0 1 57.6 838.08
1 1 123.84 829.44
2 1 184.32 823.68
0 2 1344 703.2
1 2 1406.88 711.36
2 2 1464.48 725.76
0 3 493.92 295.2
1 3 557.28 296.64
2 3 616.32 300.96
0 4 57.024 838.08
1 4 122.342 829.44
2 4 183.168 824.256
0 5 743.04 425.088
1 5 801.792 428.544
2 5 857.088 433.728
0 6 494.208 290.304
1 6 558.144 292.032
2 6 616.896 297.216
0 7 1346.11 699.84
1 7 1408.39 711.66
2 7 1465.34 724.032
0 8 68.4288 839.808
1 8 134.784 831.514
2 8 194.918 825.293
0 9 57.024 838.08
1 9 122.342 829.44
2 9 182.477 823.219
0 10 157.594 441.677
1 10 226.022 437.53
2 10 288.23 439.603
0 11 167.962 470.707
1 11 236.39 468.634
2 11 298.598 468.634
0 12 699.218 221.461
1 12 761.426 226.437
2 12 821.146 231.414
0 13 57.024 838.08
1 13 122.342 829.44
2 13 181.647 823.634
0 14 1346.68 701.706
1 14 1408.39 711.66
2 14 1465.62 724.101
0 15 169.206 470.293
1 15 236.39 467.804
2 15 298.598 467.804
0 16 1535.29 811.193
1 16 1602.48 828.611
2 16 1667.17 846.029
0 17 695.137 218.574
1 17 759.635 222.157
2 17 818.16 229.921
0 18 176.173 441.926
1 18 247.837 441.926
2 18 310.542 441.926
0 19 1346.68 701.706
1 19 1409.38 713.65
2 19 1466.12 725.594
0 20 1347.28 698.72
1 20 1408.19 709.47
2 20 1465.52 723.803
0 21 695.137 218.574
1 21 759.635 222.157
2 21 816.965 229.324
0 22 175.576 440.731
1 22 247.24 440.731
2 22 308.154 440.731
