24
0 0 1518 988.8
1 0 1510.8 954
2 0 1501.2 926.4
0 1 1190.88 666.72
1 1 1185.12 649.44
2 1 1176.48 635.04
0 2 1136.16 807.84
1 2 1136.16 787.68
2 2 1133.28 770.4
0 3 1179.88 649.037
1 3 1173.31 634.176
2 3 1164.67 620.352
0 4 1067.9 855.36
1 4 1069.98 835.661
2 4 1069.63 817.344
0 5 1660.95 161.741
1 5 1631.92 149.299
2 5 1607.04 138.931
0 6 1007.77 860.959
1 6 1022.7 841.052
2 6 1026.43 823.219
0 7 1215.13 796.263
1 7 1215.13 773.453
2 7 1210.98 756.864
0 8 1545.25 517.571
1 8 1525.34 495.176
2 8 1507.51 481.075
0 9 781.747 130.637
1 9 790.042 134.784
2 9 792.115 132.71
0 10 752.717 128.563
1 10 761.011 132.71
2 10 765.159 132.71
0 11 1590.45 273.715
1 11 1565.15 258.785
2 11 1546.91 248.832
0 12 1543.75 516.575
1 12 1525.34 495.176
2 12 1507.92 480.246
0 13 1657.22 159.253
1 13 1632.34 149.299
2 13 1607.46 139.346
0 14 1067.49 855.982
1 14 1069.98 836.076
2 14 1069.98 818.657
0 15 781.333 131.881
1 15 788.798 134.369
2 15 793.774 134.369
0 16 1182.45 680.805
1 16 1176.48 662.889
2 16 1169.51 646.963
0 17 1212.31 797.258
1 17 1215.3 773.37
2 17 1209.32 755.454
0 18 748.885 121.828
1 18 758.44 128.397
2 18 761.426 128.397
0 19 1487.02 985.375
1 19 1481.05 952.529
2 19 1472.09 925.655
0 20 782.328 131.383
1 20 788.3 134.369
2 20 791.286 134.369
0 21 1200.37 680.805
1 21 1193.2 662.889
2 21 1186.03 648.556
0 22 1203.95 813.382
1 22 1203.95 791.883
2 22 1200.37 773.967
0 23 1153.78 960.293
1 23 1157.37 935.21
2 23 1157.37 913.711
