83
0 0 653 929
1 0 652 928
2 0 652 927
0 1 860 638
1 1 858 637
2 1 859 637
0 2 789 983
1 2 788 981
2 2 788 980
0 3 871 639
1 3 870 638
2 3 870 638
0 4 859 642
1 4 858 640
2 4 858 640
0 5 863 771
1 5 862 770
2 5 862 770
0 6 790 980
1 6 789 978
2 6 789 977
0 7 859 653
1 7 858 653
2 7 858 652
0 8 861 675
1 8 860 674
2 8 860 674
0 9 860 440
1 9 858 439
2 9 859 439
0 10 787 1006
1 10 786 1005
2 10 786 1004
0 11 872.4 691.2
1 11 871.2 690
2 11 872.4 690
0 12 773.28 708.48
1 12 772.416 706.752
2 12 772.8 704.4
0 13 789.6 982.8
1 13 788.4 981.6
2 13 788.4 980.4
0 14 796.8 1017.6
1 14 795.6 1016.4
2 14 795.6 1015.2
0 15 789.6 999.6
1 15 788.4 998.4
2 15 788.4 997.2
0 16 862.8 649.2
1 16 861.6 648
2 16 861.6 648
0 17 873.6 697.2
1 17 872.4 696
2 17 872.4 696
0 18 859.2 638.4
1 18 859.2 637.2
2 18 859.2 636
0 19 714 904.8
1 19 712.8 903.6
2 19 712.8 902.4
0 20 860.4 440.4
1 20 858 439.2
2 20 859.2 439.2
0 21 652.8 930
1 21 651.6 928.8
2 21 651.6 927.6
0 22 590.4 914.4
1 22 588.96 912.96
2 22 588.96 911.52
0 23 712.8 901.44
1 23 711.36 900
2 23 711.36 900
0 24 694.08 682.56
1 24 692.4 681.6
2 24 692.64 681.12
0 25 565.92 836.64
1 25 564.48 835.2
2 25 565.92 835.2
0 26 574.56 799.2
1 26 573.12 797.76
2 26 574.56 797.76
0 27 547.2 724.32
1 27 545.76 722.88
2 27 545.76 722.88
0 28 769.2 644.4
1 28 767.52 642.24
2 28 768.96 642.24
0 29 871.2 633.6
1 29 869.76 632.16
2 29 871.2 632.16
0 30 789.12 982.08
1 30 789.12 980.64
2 30 789.12 980.64
0 31 217.728 812.16
1 31 219.802 808.704
2 31 218.88 809.28
0 32 575.424 798.336
1 32 575.424 798.336
2 32 575.424 796.608
0 33 864 772.416
1 33 862.56 770.4
2 33 862.272 770.688
0 34 568.512 718.848
1 34 568.512 717.12
2 34 568.512 717.12
0 35 773.453 707.098
1 35 871.908 779.342
2 35 772.416 706.752
0 36 711.936 900.288
1 36 711.936 898.56
2 36 711.936 898.56
0 37 546.048 724.032
1 37 544.32 724.032
2 37 546.048 722.304
0 38 789.696 1000.51
1 38 787.968 998.784
2 38 789.696 998.784
0 39 691.753 684.288
1 39 690.509 684.288
2 39 690.509 682.214
0 40 667.699 926.899
1 40 665.626 924.826
2 40 665.626 924.826
0 41 872.986 779.674
1 41 772.8 706.8
2 41 872.986 777.6
0 42 864 772.416
1 42 862.618 771.379
2 42 862.618 771.379
0 43 768.891 704.195
1 43 767.232 702.951
2 43 767.232 702.951
0 44 1149.12 933.12
1 44 1148.77 918.605
2 44 1148.77 918.605
0 45 545.357 725.76
1 45 545.357 723.687
2 45 545.357 723.687
0 46 707.098 989.107
1 46 707.098 987.034
2 46 707.098 987.034
0 47 790.042 1001.55
1 47 787.968 999.475
2 47 790.042 999.475
0 48 578.534 852.25
1 48 578.534 850.176
2 48 578.534 850.176
0 49 787.968 1007.77
1 49 787.968 1005.7
2 49 787.968 1005.7
0 50 1148.77 933.12
1 50 1148.77 931.047
2 50 1148.77 931.047
0 51 574.387 798.336
1 51 574.387 798.336
2 51 574.387 796.263
0 52 539.136 808.704
1 52 537.062 808.704
2 52 539.136 806.63
0 53 219.802 810.778
1 53 219.802 808.704
2 53 219.802 806.63
0 54 790.042 982.887
1 54 787.968 980.813
2 54 787.968 980.813
0 55 220.963 809.202
1 55 220.963 809.202
2 55 221.461 806.216
0 56 871.908 779.342
1 56 870.912 778.844
2 56 870.912 776.356
0 57 864.691 773.453
1 57 863.447 771.379
2 57 863.447 771.379
0 58 544.942 724.101
1 58 544.942 724.101
2 58 544.942 724.101
0 59 569.825 716.636
1 59 569.825 716.636
2 59 569.825 716.636
0 60 666.87 925.655
1 60 666.87 925.655
2 60 666.87 923.167
0 61 587.244 714.148
1 61 587.244 711.66
2 61 587.244 711.66
0 62 637.01 915.702
1 62 637.01 913.214
2 62 637.01 913.214
0 63 767.232 705.024
1 63 766.403 704.195
2 63 766.403 704.195
0 64 870.912 686.776
1 64 870.912 686.776
2 64 870.912 686.776
0 65 669.358 950.538
1 65 669.358 948.05
2 65 669.358 948.05
0 66 574.802 798.751
1 66 574.802 796.263
2 66 574.802 796.263
0 67 537.477 808.704
1 67 537.477 806.216
2 67 537.477 806.216
0 68 768.891 704.195
1 68 767.398 704.692
2 68 767.398 704.692
0 69 665.875 928.641
1 69 665.875 925.655
2 69 665.875 925.655
0 70 218.574 809.799
1 70 218.972 808.704
2 70 220.963 809.202
0 71 873.401 778.844
1 71 871.908 779.342
2 71 871.908 779.342
0 72 864.691 773.453
1 72 862.95 773.37
2 72 862.95 773.37
0 73 543.449 725.594
1 73 543.449 725.594
2 73 543.449 725.594
0 74 570.323 716.636
1 74 570.323 716.636
2 74 570.323 716.636
0 75 859.964 636.015
1 75 859.964 633.029
2 75 859.964 633.029
0 76 868.922 633.029
1 76 868.922 633.029
2 76 868.922 633.029
0 77 768.891 704.195
1 77 863.547 773.967
2 77 863.547 773.967
0 78 543.449 725.594
1 78 543.449 725.594
2 78 541.06 723.803
0 79 587.642 713.053
1 79 587.642 713.053
2 79 587.642 713.053
0 80 767.398 704.692
1 80 766.801 702.304
2 80 766.801 702.304
0 81 867.13 630.64
1 81 867.13 630.64
2 81 867.13 630.64
0 82 220.963 809.202
1 82 218.972 808.704
2 82 222.157 806.216
