30
0 0 1184.4 926.4
1 0 1162.8 951.6
2 0 1136 972
0 1 937.44 106.56
1 1 917.28 110.88
2 1 889.92 110.88
0 2 1465.92 50.4
1 2 1464.48 50.4
2 2 1454.4 47.52
0 3 997.402 493.517
1 3 978.739 505.958
2 3 957.312 511.488
0 4 937.44 106.56
1 4 917.568 110.592
2 4 889.92 110.592
0 5 772.416 952.128
1 5 740.275 978.739
2 5 705.024 1002.24
0 6 1600.13 634.176
1 6 1591.49 648
2 6 1575.94 656.64
0 7 998.784 492.48
1 7 978.739 505.958
2 7 955.93 514.253
0 8 771.379 951.783
1 8 739.031 977.91
2 8 702.951 1001.55
0 9 935.194 105.754
1 9 916.531 109.901
2 9 889.575 109.901
0 10 1440.74 659.405
1 10 1428.71 673.92
2 10 1410.05 684.288
0 11 1602.48 632.033
1 11 1592.53 646.963
2 11 1575.94 655.258
0 12 781.333 943.073
1 12 749.952 971.136
2 12 713.318 995.328
0 13 1510.91 373.248
1 13 1502.95 380.713
2 13 1483.04 388.178
0 14 997.402 493.517
1 14 978.739 505.958
2 14 955.515 515.082
0 15 1552.71 136.858
1 15 1552.71 139.346
2 15 1542.76 139.346
0 16 1174.49 905.749
1 16 1155 935.194
2 16 1127.21 953.027
0 17 1787.44 779.674
1 17 1779.15 798.751
2 17 1761.73 811.193
0 18 1602.48 632.033
1 18 1592.53 646.963
2 18 1577.6 654.428
0 19 1000.3 196.577
1 19 982.887 204.042
2 19 955.515 206.531
0 20 1440.74 659.405
1 20 1428.71 673.92
2 20 1410.88 684.288
0 21 933.12 104.509
1 21 915.702 109.486
2 21 888.33 109.486
0 22 994.333 223.949
1 22 973.431 229.921
2 22 946.557 232.907
0 23 1421.33 656.917
1 23 1412.37 671.847
2 23 1391.47 680.805
0 24 1174.49 905.749
1 24 1155 935.194
2 24 1125.72 952.529
0 25 898.781 101.523
1 25 877.88 104.509
2 25 848.02 104.509
0 26 1784.42 781.134
1 26 1777.26 799.05
2 26 1759.34 809.799
0 27 1426.11 662.889
1 27 1415.36 677.221
2 27 1397.44 687.971
0 28 1433.27 655.722
1 28 1421.33 671.847
2 28 1401.02 680.805
0 29 1601.68 630.64
1 29 1591.53 647.959
2 29 1576.6 652.139
