37
0 0 950.4 721.44
1 0 969.12 747.36
2 0 1006.56 779.04
0 1 802.08 660.96
1 1 817.92 682.56
2 1 851.04 712.8
0 2 434.88 541.44
1 2 447.84 561.6
2 2 479.52 587.52
0 3 708.48 611.712
1 3 722.304 632.448
2 3 755.136 660.096
0 4 711.36 612
1 4 727.488 634.176
2 4 758.592 661.824
0 5 801.792 661.824
1 5 817.344 682.56
2 5 850.176 713.664
0 6 957.6 721.44
1 6 974.592 746.496
2 6 1012.61 777.6
0 7 345.6 494.208
1 7 357.696 513.216
2 7 388.8 537.408
0 8 802.483 661.479
1 8 816.999 684.288
2 8 850.176 713.318
0 9 248.832 941.415
1 9 259.2 966.298
2 9 286.157 995.328
0 10 955.93 719.539
1 10 974.592 746.496
2 10 1011.92 777.6
0 11 713.318 671.846
1 11 727.834 692.583
2 11 761.011 721.613
0 12 804.557 642.816
1 12 821.146 665.626
2 12 854.323 694.656
0 13 908.237 671.846
1 13 926.899 696.73
2 13 962.151 725.76
0 14 706.683 612.127
1 14 721.613 632.033
2 14 753.961 659.405
0 15 251.32 841.052
1 15 261.274 863.447
2 15 291.134 890.819
0 16 955.515 719.125
1 16 975.422 746.496
2 16 1012.75 776.356
0 17 714.148 669.358
1 17 729.078 691.753
2 17 761.426 721.613
0 18 919.683 716.636
1 18 934.613 740.524
2 18 970.445 770.384
0 19 122.425 907.739
1 19 131.383 931.627
2 19 161.243 958.501
0 20 686.776 662.889
1 20 701.706 683.791
2 20 734.552 713.65
0 21 794.272 627.057
1 21 809.202 647.959
2 21 842.048 677.819
0 22 680.805 627.057
1 22 695.734 647.959
2 22 728.58 674.833
0 23 250.823 845.034
1 23 261.274 863.447
2 23 289.641 892.809
0 24 707.678 612.127
1 24 722.608 633.029
2 24 755.454 659.903
0 25 116.453 916.697
1 25 125.411 940.585
2 25 152.285 967.459
0 26 714.148 669.358
1 26 728.58 692.748
2 26 761.426 719.622
0 27 680.805 644.973
1 27 695.137 666.472
2 27 727.386 695.137
0 28 250.823 845.034
1 28 259.781 868.922
2 28 290.238 892.212
0 29 788.3 627.057
1 29 809.799 648.556
2 29 842.048 677.221
0 30 121.828 906.545
1 30 128.995 928.044
2 30 157.66 956.71
0 31 687.971 662.889
1 31 702.304 684.388
2 31 734.552 713.053
0 32 955.515 719.622
1 32 974.625 745.302
2 32 1010.46 773.967
0 33 917.295 713.053
1 33 935.21 738.135
2 33 971.042 770.384
0 34 705.887 612.724
1 34 716.636 630.64
2 34 752.468 659.305
0 35 702.304 601.975
1 35 720.22 623.474
2 35 752.468 652.139
0 36 910.128 670.055
1 36 928.044 691.554
2 36 963.876 723.803
