24
0 0 950.4 98.4
1 0 937.44 106.56
2 0 917.28 110.88
0 1 1458.72 46.08
1 1 1465.92 50.4
2 1 1464.48 50.4
0 2 1601.86 613.44
1 2 1600.13 634.176
2 2 1591.49 648
0 3 1538.61 136.858
1 3 1544.83 143.078
2 3 1544.83 145.152
0 4 1548.98 136.858
1 4 1555.2 145.152
2 4 1555.2 147.226
0 5 1443.23 640.742
1 5 1437.01 661.479
2 5 1424.56 675.994
0 6 801.792 922.752
1 6 774.72 951.84
2 6 740.275 978.739
0 7 949.709 97.4592
1 7 935.194 105.754
2 7 916.531 109.901
0 8 826.122 920.679
1 8 796.263 950.538
2 8 763.085 976.666
0 9 1447.37 638.669
1 9 1440.74 659.405
2 9 1428.71 673.92
0 10 1601.86 613.44
1 10 1600.13 634.176
2 10 1592.53 646.963
0 11 1010.26 477.758
1 11 995.328 495.176
2 11 977.91 505.129
0 12 1602.48 612.127
1 12 1600.49 633.029
2 12 1592.53 646.963
0 13 827.118 919.683
1 13 797.258 949.543
2 13 763.914 975.422
0 14 948.05 97.0445
1 14 933.12 104.509
2 14 915.702 109.486
0 15 812.188 913.711
1 15 782.328 943.571
2 15 751.473 967.957
0 16 1191.41 874.894
1 16 1173.49 904.753
2 16 1152.59 931.627
0 17 1430.29 636.015
1 17 1421.33 656.917
2 17 1412.37 671.847
0 18 813.382 931.627
1 18 784.717 960.293
2 18 752.468 985.375
0 19 1439.24 636.015
1 19 1433.27 655.722
2 19 1421.33 671.847
0 20 1010.26 477.758
1 20 992.541 498.062
2 20 976.417 507.617
0 21 1009.26 212.005
1 21 994.333 223.949
2 21 973.431 229.921
0 22 1537.19 146.91
1 22 1544.35 157.66
2 22 1544.35 157.66
0 23 1006.87 480.146
1 23 992.541 498.062
2 23 974.625 508.812
