37
0 0 900 705.6
1 0 917.28 718.56
2 0 936 743.04
0 1 931.68 708.48
1 1 950.4 721.44
2 1 969.12 747.36
0 2 238.464 940.032
1 2 248.832 950.4
2 2 257.472 976.32
0 3 938.304 708.48
1 3 957.312 720.576
2 3 974.592 746.496
0 4 687.744 670.464
1 4 703.296 682.56
2 4 717.12 705.024
0 5 692.583 601.344
1 5 707.098 611.712
2 5 723.687 632.448
0 6 891.648 659.405
1 6 908.237 671.846
2 6 926.899 696.73
0 7 931.047 711.245
1 7 949.709 723.687
2 7 970.445 748.57
0 8 937.267 707.098
1 8 955.93 719.539
2 8 974.592 746.496
0 9 288.23 970.445
1 9 298.598 982.887
2 9 306.893 1009.84
0 10 238.464 941.415
1 10 248.832 953.856
2 10 257.126 978.739
0 11 1188.17 785.895
1 11 1213.06 802.483
2 11 1235.87 831.514
0 12 325.555 495.59
1 12 340.07 503.885
2 12 352.512 522.547
0 13 777.6 653.184
1 13 796.263 663.552
2 13 810.778 686.362
0 14 785.895 649.037
1 14 802.483 661.479
2 14 816.999 684.288
0 15 103.68 906.163
1 15 111.974 916.531
2 15 120.269 941.415
0 16 787.968 632.448
1 16 804.557 642.816
2 16 821.146 665.626
0 17 104.509 905.749
1 17 114.463 915.702
2 17 121.928 940.585
0 18 890.819 659.405
1 18 910.725 671.847
2 18 928.144 694.241
0 19 238.879 943.073
1 19 248.832 953.856
2 19 256.297 980.398
0 20 238.879 836.076
1 20 251.32 841.052
2 20 261.274 863.447
0 21 681.8 928.144
1 21 695.734 946.557
2 21 710.664 976.417
0 22 238.879 928.641
1 22 247.837 940.585
2 22 256.795 964.473
0 23 107.495 904.753
1 23 116.453 916.697
2 23 125.411 940.585
0 24 113.467 898.781
1 24 122.425 907.739
2 24 131.383 931.627
0 25 355.332 677.819
1 25 370.262 686.776
2 25 379.22 707.678
0 26 331.444 486.716
1 26 346.374 495.673
2 26 358.318 513.589
0 27 238.879 836.076
1 27 250.823 845.034
2 27 259.781 868.922
0 28 689.763 600.183
1 28 707.678 612.127
2 28 722.608 633.029
0 29 1555.2 624.568
1 29 1585.06 639.498
2 29 1618.4 665.875
0 30 671.847 650.945
1 30 686.776 662.889
2 30 701.706 683.791
0 31 898.781 701.706
1 31 919.683 716.636
2 31 934.613 740.524
0 32 238.879 836.076
1 32 250.823 845.034
2 32 257.989 867.13
0 33 899.379 698.72
1 33 917.295 713.053
2 33 935.21 738.135
0 34 111.079 895.795
1 34 121.828 906.545
2 34 128.995 928.044
0 35 670.055 652.139
1 35 687.971 662.889
2 35 702.304 684.388
0 36 662.889 634.223
1 36 680.805 644.973
2 36 695.137 666.472
