61
0 0 546 587
1 0 583 599
2 0 621 614
0 1 222 629
1 1 258 642
2 1 296 656
0 2 222 628.8
1 2 259.2 642.816
2 2 296.4 656.4
0 3 164.16 790.56
1 3 200.4 806.4
2 3 237.6 820.8
0 4 1207.2 856.8
1 4 1260 878.4
2 4 1314.72 904.32
0 5 1146.24 796.32
1 5 1198.08 816.48
2 5 1249.92 839.52
0 6 521.856 575.424
1 6 558.144 589.248
2 6 596.16 603.072
0 7 1147.39 796.608
1 7 1198.08 816.48
2 7 1251.07 839.808
0 8 222.912 628.992
1 8 257.76 642.24
2 8 295.488 656.64
0 9 1206.14 857.088
1 9 1259.71 877.824
2 9 1313.28 903.744
0 10 545.357 580.608
1 10 584.755 595.123
2 10 622.08 609.638
0 11 1013.99 777.6
1 11 1059.61 796.263
2 11 1107.3 816.999
0 12 638.669 626.227
1 12 675.994 640.742
2 12 715.392 655.258
0 13 164.16 846.72
1 13 201.139 864.691
2 13 238.464 879.207
0 14 223.949 629.545
1 14 259.2 642.816
2 14 296.525 657.331
0 15 1148.77 796.263
1 15 1198.54 814.925
2 15 1252.45 839.808
0 16 1204.76 856.397
1 16 1258.68 877.133
2 16 1314.66 902.016
0 17 1161.22 846.029
1 17 1210.98 866.765
2 17 1264.9 891.648
0 18 437.944 925.655
1 18 475.269 943.073
2 18 512.179 962.151
0 19 914.112 789.696
1 19 958.003 808.704
2 19 1001.55 829.44
0 20 624.154 595.123
1 20 659.405 607.565
2 20 698.803 622.08
0 21 1059.61 721.613
1 21 1105.23 738.202
2 21 1155 758.938
0 22 914.458 790.042
1 22 958.003 808.704
2 22 1002.79 828.611
0 23 437.944 925.655
1 23 475.269 943.073
2 23 510.106 960.492
0 24 151.788 836.076
1 24 186.624 853.494
2 24 223.949 868.424
0 25 926.899 779.674
1 25 970.445 796.263
2 25 1015.23 816.169
0 26 1022.7 773.868
1 26 1067.49 791.286
2 26 1114.77 813.681
0 27 1162.05 846.029
1 27 1211.81 865.936
2 27 1264.07 890.819
0 28 547.431 569.825
1 28 584.755 582.267
2 28 622.08 597.197
0 29 544.942 579.779
1 29 579.779 592.22
2 29 619.592 607.15
0 30 622.08 594.709
1 30 659.405 607.15
2 30 699.218 622.08
0 31 920.679 711.66
1 31 962.98 726.59
2 31 1007.77 746.496
0 32 639.498 624.568
1 32 676.823 639.498
2 32 714.148 654.428
0 33 223.949 630.043
1 33 258.785 644.475
2 33 296.11 656.917
0 34 435.954 925.655
1 34 474.772 946.557
2 34 510.603 964.473
0 35 925.655 776.356
1 35 967.459 794.272
2 35 1012.25 815.174
0 36 1015.23 734.055
1 36 1060.02 752.468
2 36 1107.8 773.37
0 37 546.435 570.323
1 37 582.267 582.267
2 37 621.085 597.197
0 38 1149.6 797.258
1 38 1200.37 815.174
2 38 1254.11 839.062
0 39 140.341 842.048
1 39 176.173 859.964
2 39 214.991 874.894
0 40 919.683 713.65
1 40 961.487 728.58
2 40 1003.29 746.496
0 41 913.711 704.692
1 41 955.515 719.622
2 41 1000.3 737.538
0 42 152.285 836.076
1 42 185.131 853.992
2 42 223.949 868.922
0 43 225.74 630.64
1 43 259.781 644.973
2 43 295.612 659.903
0 44 1009.26 734.552
1 44 1054.05 749.482
2 44 1101.83 770.384
0 45 934.613 761.426
1 45 979.403 779.342
2 45 1024.19 800.244
0 46 1155.58 788.3
1 46 1206.34 806.216
2 46 1260.09 830.104
0 47 437.148 928.044
1 47 472.98 945.96
2 47 508.812 963.876
0 48 917.295 702.304
1 48 956.71 716.636
2 48 1003.29 738.135
0 49 920.878 713.053
1 49 963.876 727.386
2 49 1006.87 745.302
0 50 895.795 720.22
1 50 935.21 734.552
2 50 981.792 756.051
0 51 1164.53 831.298
1 51 1218.28 852.797
2 51 1272.03 877.88
0 52 1160.95 845.631
1 52 1211.12 863.547
2 52 1264.86 888.629
0 53 935.21 784.717
1 53 978.209 802.633
2 53 1024.79 824.132
0 54 1203.95 852.797
1 54 1257.7 874.296
2 54 1311.44 899.379
0 55 1211.12 820.549
1 55 1261.28 838.465
2 55 1322.19 863.547
0 56 1186.03 799.05
1 56 1239.78 816.965
2 56 1293.53 842.048
0 57 1150.2 795.466
1 57 1200.37 813.382
2 57 1254.11 838.465
0 58 925.655 776.356
1 58 967.459 794.272
2 58 1014.04 813.382
0 59 935.21 759.635
1 59 978.209 777.55
2 59 1024.79 795.466
0 60 1186.03 856.38
1 60 1236.2 877.88
2 60 1293.53 902.962
