41
0 0 1032 908
1 0 1022 916
2 0 1005 928
0 1 1558.08 480.96
1 1 1559.52 482.4
2 1 1548 480.96
0 2 1273.54 387.072
1 2 1273.19 387.763
2 2 1262.88 387.36
0 3 654.912 824.256
1 3 642.816 831.168
2 3 622.08 843.264
0 4 1416.96 625.536
1 4 1415.23 627.264
2 4 1403.14 628.992
0 5 1558.66 480.384
1 5 1558.66 482.112
2 5 1548.29 480.384
0 6 1413.5 720.576
1 6 1410.05 724.032
2 6 1397.95 727.488
0 7 1022.98 898.56
1 7 1012.61 907.2
2 7 997.056 917.568
0 8 1418.69 603.072
1 8 1416.96 606.528
2 8 1404.86 606.528
0 9 1225.15 127.872
1 9 1225.15 126.144
2 9 1213.06 124.416
0 10 1414.2 721.613
1 10 1410.05 725.76
2 10 1397.61 727.834
0 11 655.258 825.293
1 11 642.816 831.514
2 11 622.08 843.955
0 12 1615.33 114.048
1 12 1619.48 107.827
2 12 1607.04 105.754
0 13 1291.85 180.403
1 13 1291.85 178.33
2 13 1279.41 178.33
0 14 1233.79 709.171
1 14 1227.57 713.318
2 14 1215.13 717.466
0 15 1472.26 580.608
1 15 1472.26 582.682
2 15 1459.81 582.682
0 16 1700.35 746.496
1 16 1699.03 752.468
2 16 1685.84 750.643
0 17 810.778 279.936
1 17 802.483 279.936
2 17 779.674 282.01
0 18 1225.5 128.563
1 18 1225.5 126.49
2 18 1210.98 126.49
0 19 1619.9 109.486
1 19 1622.39 106.998
2 19 1609.94 104.509
0 20 656.917 824.132
1 20 644.475 831.099
2 20 622.08 843.541
0 21 1597.5 206.531
1 21 1602.48 206.531
2 21 1590.04 204.042
0 22 1219.28 627.057
1 22 1214.3 629.545
2 22 1201.86 632.033
0 23 1468.11 582.267
1 23 1465.62 584.755
2 23 1453.18 584.755
0 24 1784.13 766.403
1 24 1783.3 771.379
2 24 1769.2 768.891
0 25 1413.37 721.613
1 25 1410.88 724.101
2 25 1398.44 726.59
0 26 808.704 278.692
1 26 798.751 278.692
2 26 778.844 281.18
0 27 1224.25 129.393
1 27 1224.25 126.904
2 27 1211.81 126.904
0 28 1700.35 746.496
1 28 1699.03 752.468
2 28 1687.08 751.473
0 29 1615.42 107.495
1 29 1621.39 107.495
2 29 1609.45 104.509
0 30 1412.37 722.608
1 30 1409.38 725.594
2 30 1397.44 728.58
0 31 1224.25 129.393
1 31 1224.25 128.397
2 31 1209.32 128.397
0 32 624.071 803.23
1 32 609.141 809.202
2 32 588.239 821.146
0 33 1784.42 763.218
1 33 1782.63 770.384
2 33 1770.69 770.384
0 34 806.216 280.683
1 34 797.258 280.683
2 34 776.356 283.669
0 35 1567.64 770.384
1 35 1567.64 776.356
2 35 1555.7 779.342
0 36 1010.46 920.878
1 36 999.708 928.044
2 36 981.792 942.377
0 37 1415.36 720.22
1 37 1411.77 723.803
2 37 1401.02 727.386
0 38 806.216 279.488
1 38 795.466 279.488
2 38 773.967 283.071
0 39 799.05 290.238
1 39 791.883 290.238
2 39 770.384 293.821
0 40 1669.76 469.397
1 40 1669.76 469.397
2 40 1659.01 469.397
