34
0 0 793.152 397.44
1 0 812.16 461.376
2 0 825.984 504.576
0 1 190.08 646.56
1 1 198.72 703.296
2 1 198.72 743.04
0 2 181.647 554.896
1 2 193.536 609.984
2 2 196.992 648
0 3 181.44 552.96
1 3 192.845 609.638
2 3 196.992 644.544
0 4 689.472 654.912
1 4 702.72 715.68
2 4 708.48 762.048
0 5 828.611 836.076
1 5 848.448 905.472
2 5 864.691 966.298
0 6 680.141 356.659
1 6 698.803 418.867
2 6 711.245 460.339
0 7 190.08 648
1 7 199.066 702.951
2 7 199.066 744.422
0 8 181.647 554.896
1 8 192.845 609.638
2 8 194.918 646.963
0 9 689.472 654.912
1 9 700.877 715.392
2 9 707.098 761.011
0 10 1412.12 682.214
1 10 1439.08 758.938
2 10 1461.89 816.999
0 11 238.879 213.996
1 11 258.785 271.227
2 11 268.739 306.063
0 12 181.647 554.896
1 12 191.601 609.639
2 12 196.577 646.963
0 13 592.22 308.552
1 13 612.127 370.76
2 13 624.568 410.573
0 14 828.611 400.62
1 14 848.517 465.316
2 14 860.959 507.617
0 15 689.265 654.428
1 15 698.72 713.65
2 15 706.683 758.938
0 16 567.337 320.993
1 16 587.244 383.201
2 16 599.685 423.014
0 17 567.337 343.388
1 17 588.239 406.094
2 17 597.197 444.912
0 18 830.104 836.076
1 18 848.02 907.739
2 18 865.936 967.459
0 19 480.744 806.216
1 19 489.702 868.922
2 19 495.673 916.697
0 20 567.337 322.486
1 20 588.239 385.192
2 20 600.183 424.01
0 21 591.225 310.542
1 21 612.127 370.262
2 21 624.071 412.066
0 22 188.117 650.945
1 22 194.089 707.678
2 22 194.089 749.482
0 23 181.647 554.896
1 23 191.103 612.127
2 23 194.089 647.959
0 24 566.143 322.486
1 24 587.642 383.4
2 24 598.391 422.815
0 25 967.459 802.633
1 25 981.792 870.713
2 25 992.541 924.461
0 26 480.146 802.633
1 26 490.896 867.13
2 26 494.479 917.295
0 27 465.814 799.05
1 27 480.744 868.922
2 27 480.146 913.711
0 28 179.159 558.379
1 28 189.909 612.724
2 28 193.492 648.556
0 29 1386.69 680.805
1 29 1411.77 756.051
2 29 1436.86 813.382
0 30 186.325 652.139
1 30 193.492 709.47
2 30 193.492 748.885
0 31 200.658 655.722
1 31 207.825 713.053
2 31 211.408 752.468
0 32 687.971 652.139
1 32 698.72 713.65
2 32 705.887 756.051
0 33 795.466 394.15
1 33 813.382 458.647
2 33 827.715 501.645
