28
0 0 1494.72 117.504
1 0 1515.46 108.864
2 0 1536.19 101.952
0 1 1517.18 485.568
1 1 1537.92 482.112
2 1 1558.66 480.384
0 2 1655.43 745.302
1 2 1680.51 745.302
2 2 1698.62 746.496
0 3 1517.88 485.222
1 3 1538.61 481.075
2 3 1559.35 479.002
0 4 1571.79 126.49
1 4 1592.53 118.195
2 4 1615.33 109.901
0 5 1553.13 221.875
1 5 1573.86 213.581
2 5 1596.67 207.36
0 6 1198.54 134.784
1 6 1210.98 130.637
2 6 1225.5 128.563
0 7 1378.94 715.392
1 7 1399.68 717.466
2 7 1414.2 721.613
0 8 1204.76 700.877
1 8 1221.35 702.951
2 8 1233.79 709.171
0 9 1262.82 174.182
1 9 1277.34 170.035
2 9 1291.85 167.962
0 10 1430.78 582.267
1 10 1450.69 582.267
2 10 1468.11 582.267
0 11 639.498 806.216
1 11 649.452 813.681
2 11 656.917 823.634
0 12 1378.94 715.392
1 12 1398.44 716.636
2 12 1413.37 721.613
0 13 1196.88 134.369
1 13 1211.81 131.881
2 13 1224.25 129.393
0 14 1528.82 764.412
1 14 1552.71 766.403
2 14 1570.13 773.868
0 15 1379.53 716.636
1 15 1397.44 716.636
2 15 1412.37 722.608
0 16 639.001 806.216
1 16 650.945 815.174
2 16 656.917 824.132
0 17 979.403 904.753
1 17 991.347 913.711
2 17 997.319 922.669
0 18 797.258 271.725
1 18 803.23 274.711
2 18 806.216 280.683
0 19 791.286 280.683
1 19 797.258 283.669
2 19 800.244 289.641
0 20 1495.98 113.467
1 20 1516.88 104.509
2 20 1537.78 98.5375
0 21 1528.82 764.412
1 21 1552.71 766.403
2 21 1567.64 770.384
0 22 641.39 806.216
1 22 652.139 813.382
2 22 659.305 824.132
0 23 799.05 272.322
1 23 802.633 275.905
2 23 806.216 279.488
0 24 1379.53 713.053
1 24 1401.02 716.636
2 24 1415.36 720.22
0 25 1261.28 189.909
1 25 1275.61 186.325
2 25 1289.95 182.742
0 26 1429.69 576.892
1 26 1447.61 576.892
2 26 1465.52 576.892
0 27 1264.86 171.993
1 27 1279.2 168.41
2 27 1293.53 164.826
