22
0 0 1055.52 184.32
1 0 1088.64 221.76
2 0 1120.32 260.64
0 1 537.062 551.578
1 1 561.946 588.902
2 1 584.755 630.375
0 2 1155 792.115
1 2 1194.39 843.955
2 2 1233.79 899.943
0 3 537.477 549.919
1 3 562.36 587.244
2 3 584.755 629.545
0 4 1057.54 184.136
1 4 1089.88 221.461
2 4 1122.23 261.274
0 5 243.855 656.917
1 5 268.739 698.72
2 5 286.157 744.008
0 6 977.91 457.851
1 6 1005.28 495.176
2 6 1032.65 534.989
0 7 1229.23 271.227
1 7 1266.56 308.552
2 7 1303.88 350.853
0 8 1050.07 201.554
1 8 1082.42 238.879
2 8 1114.77 278.692
0 9 1065 206.531
1 9 1097.35 243.855
2 9 1129.7 283.669
0 10 243.855 656.917
1 10 268.739 698.72
2 10 286.655 743.51
0 11 92.5655 588.239
1 11 114.463 624.568
2 11 134.369 665.875
0 12 1216.79 783.821
1 12 1259.09 836.076
2 12 1301.89 889.823
0 13 977.91 457.851
1 13 1005.28 495.176
2 13 1033.15 534.491
0 14 537.477 549.421
1 14 561.365 588.239
2 14 585.253 630.043
0 15 1066 188.117
1 15 1098.84 226.935
2 15 1131.69 265.753
0 16 438.94 486.716
1 16 462.828 522.547
2 16 483.73 561.365
0 17 1227.24 271.725
1 17 1266.06 310.542
2 17 1301.89 352.346
0 18 244.851 659.903
1 18 268.739 698.72
2 18 286.655 741.719
0 19 537.477 548.227
1 19 562.56 587.642
2 19 584.059 627.057
0 20 978.209 458.647
1 20 1006.87 494.479
2 20 1035.54 533.894
0 21 437.148 483.73
1 21 462.23 519.561
2 21 480.146 558.976
