26
0 0 1692 138
1 0 1680 136
2 0 1671 126
0 1 1556 118
1 1 1544 117
2 1 1534 108
0 2 1425.6 403.2
1 2 1408.32 408.96
2 2 1395.6 410.4
0 3 1696.32 131.04
1 3 1683.36 129.6
2 3 1674.72 119.52
0 4 1506.24 133.92
1 4 1494.72 133.92
2 4 1484.64 125.28
0 5 1498.18 124.416
1 5 1486.08 124.416
2 5 1475.71 115.776
0 6 1422.49 402.278
1 6 1405.9 408.499
2 6 1391.39 410.573
0 7 1437.01 99.5328
1 7 1424.56 99.5328
2 7 1412.12 91.2384
0 8 1492.99 150.336
1 8 1480.55 149.299
2 8 1470.18 141.005
0 9 1700.35 141.005
1 9 1687.91 138.931
2 9 1679.62 128.563
0 10 1692.06 130.637
1 10 1679.62 128.563
2 10 1671.32 118.195
0 11 1721.92 838.564
1 11 1711.96 846.029
2 11 1706.99 851.006
0 12 1422.49 402.278
1 12 1405.9 408.499
2 12 1390.97 410.573
0 13 1356.13 709.171
1 13 1341.2 716.636
2 13 1331.25 721.613
0 14 1348.67 709.171
1 14 1333.74 716.636
2 14 1323.79 721.613
0 15 1505.43 136.858
1 15 1492.99 136.858
2 15 1483.04 129.393
0 16 1421.33 403.108
1 16 1406.4 409.08
2 16 1391.47 412.066
0 17 1355.64 710.664
1 17 1341.2 716.636
2 17 1331.75 722.608
0 18 1343.69 706.683
1 18 1325.78 713.65
2 18 1316.82 719.622
0 19 1531.81 674.833
1 19 1519.27 677.221
2 19 1510.91 680.805
0 20 1421.33 403.108
1 20 1406.4 409.08
2 20 1390.27 412.066
0 21 1719.93 838.465
1 21 1709.18 845.631
2 21 1705.59 849.214
0 22 1641.1 128.995
1 22 1630.35 128.995
2 22 1619.6 118.245
0 23 877.88 544.644
1 23 859.964 551.81
2 23 842.048 562.56
0 24 1340.71 704.692
1 24 1325.78 709.47
2 24 1315.03 716.636
0 25 1343.69 713.053
1 25 1329.36 720.22
2 25 1318.61 727.386
