15
0 0 384.48 577.44
1 0 407.52 594.72
2 0 427.68 610.56
0 1 1696.9 330.048
1 1 1741.82 343.872
2 1 1786.75 359.424
0 2 915.84 55.296
1 2 940.032 65.664
2 2 965.952 76.032
0 3 151.373 485.222
1 3 170.035 501.811
2 3 186.624 514.944
0 4 1012.61 527.04
1 4 1041.98 544.32
2 4 1071.36 561.6
0 5 151.373 485.222
1 5 169.206 500.152
2 5 186.624 514.253
0 6 1698.28 329.702
1 6 1741.82 342.144
2 6 1787.44 358.733
0 7 1063.76 107.827
1 7 1092.79 118.195
2 7 1121.82 128.563
0 8 977.91 724.101
1 8 1010.26 744.008
2 8 1040.12 763.914
0 9 151.788 485.223
1 9 170.201 501.645
2 9 186.624 515.082
0 10 858.471 306.063
1 10 877.133 317.261
2 10 900.772 325.97
0 11 152.285 486.716
1 11 170.201 501.645
2 11 188.117 516.575
0 12 432.968 391.164
1 12 450.884 403.108
2 12 468.8 415.052
0 13 433.565 390.567
1 13 451.481 401.316
2 13 469.397 415.649
0 14 361.901 329.653
1 14 372.651 343.985
2 14 386.984 354.735
