56
0 0 979.2 708
1 0 1002 710.4
2 0 1026 710.4
0 1 979.2 688.32
1 1 1002.24 688.32
2 1 1026.72 691.2
0 2 989.28 652.32
1 2 1012.32 653.76
2 2 1036.8 655.2
0 3 885.6 701.28
1 3 907.2 701.28
2 3 930.24 702.72
0 4 979.2 770.4
1 4 1002 770.4
2 4 1025.28 773.28
0 5 812.16 889.92
1 5 832.32 885.6
2 5 853.92 884.16
0 6 816.48 876.96
1 6 836.64 874.08
2 6 858.24 871.2
0 7 884.16 637.92
1 7 905.76 637.92
2 7 930.24 639.36
0 8 711.36 855.36
1 8 732.96 851.04
2 8 753.12 848.16
0 9 812.16 889.92
1 9 832.896 886.464
2 9 853.632 884.736
0 10 980.813 773.453
1 10 1002.79 773.868
2 10 1026.43 774.144
0 11 770.688 900.288
1 11 791.424 896.832
2 11 812.16 893.376
0 12 884.736 701.568
1 12 907.2 701.568
2 12 929.664 703.296
0 13 900.288 998.784
1 13 921.024 995.328
2 13 941.76 993.6
0 14 988.416 689.472
1 14 1010.88 689.472
2 14 1035.07 691.2
0 15 883.008 613.44
1 15 904.32 613.44
2 15 927.936 613.44
0 16 815.616 876.096
1 16 836.352 872.64
2 16 857.088 870.912
0 17 895.104 978.048
1 17 914.112 974.592
2 17 936.576 972.864
0 18 769.306 902.016
1 18 790.042 897.869
2 18 810.778 895.795
0 19 808.704 887.501
1 19 829.44 883.354
2 19 850.176 881.28
0 20 740.275 889.575
1 20 761.011 883.354
2 20 781.747 881.28
0 21 810.778 964.224
1 21 831.514 960.077
2 21 852.25 958.003
0 22 987.034 777.6
1 22 907.2 701.28
2 22 1032.65 777.6
0 23 980.813 773.453
1 23 1002.79 773.868
2 23 1026.43 775.526
0 24 829.44 984.96
1 24 850.176 980.813
2 24 870.912 978.739
0 25 684.288 771.379
1 25 705.024 767.232
2 25 725.76 765.159
0 26 987.863 776.356
1 26 907.2 701.568
2 26 931.047 702.951
0 27 980.813 773.453
1 27 902.016 698.803
2 27 924.826 698.803
0 28 877.824 611.712
1 28 899.943 609.638
2 28 922.752 611.712
0 29 980.813 667.699
1 29 1003.62 667.699
2 29 1028.51 669.773
0 30 893.722 984.96
1 30 914.458 980.813
2 30 935.194 978.739
0 31 850.176 1007.77
1 31 870.912 1003.62
2 31 891.648 1001.55
0 32 819.072 970.445
1 32 839.808 966.298
2 32 860.544 964.224
0 33 895.795 980.813
1 33 916.531 976.666
2 33 937.267 974.592
0 34 987.863 776.356
1 34 907.2 701.28
2 34 1032.65 778.844
0 35 880.865 699.218
1 35 903.26 699.218
2 35 925.655 699.218
0 36 982.887 676.823
1 36 1005.28 679.312
2 36 1030.16 681.8
0 37 987.863 674.335
1 37 1010.26 674.335
2 37 1035.14 676.823
0 38 982.887 666.87
1 38 1005.28 669.358
2 38 1030.16 669.358
0 39 651.94 699.218
1 39 671.847 696.73
2 39 694.241 691.753
0 40 985.375 846.029
1 40 1006.28 845.034
2 40 1030.16 846.029
0 41 739.031 888.33
1 41 761.426 883.354
2 41 781.333 880.865
0 42 641.987 781.333
1 42 664.382 776.356
2 42 684.288 773.868
0 43 335.923 771.379
1 43 360.806 766.403
2 43 383.201 761.426
0 44 985.375 710.664
1 44 1009.26 710.664
2 44 1033.15 713.65
0 45 982.389 668.861
1 45 1006.28 668.861
2 45 1030.16 671.847
0 46 981.792 773.967
1 46 1003.29 776.356
2 46 1027.18 776.356
0 47 880.866 612.127
1 47 901.767 609.141
2 47 925.655 612.127
0 48 647.959 701.706
1 48 671.847 695.734
2 48 692.748 692.748
0 49 337.416 773.37
1 49 361.304 767.398
2 49 382.206 761.426
0 50 892.809 982.389
1 50 913.711 979.403
2 50 934.613 979.403
0 51 652.139 791.883
1 51 673.638 788.3
2 51 695.137 784.717
0 52 648.556 698.72
1 52 670.055 695.137
2 52 691.554 691.554
0 53 680.805 691.554
1 53 702.304 687.971
2 53 723.803 684.388
0 54 637.806 777.55
1 54 659.305 773.967
2 54 680.805 770.384
0 55 337.416 773.37
1 55 358.318 766.801
2 55 383.4 759.635
