31
0 0 1306.37 504.576
1 0 1308.1 492.48
2 0 1308.1 475.2
0 1 1320.19 509.76
1 1 1321.92 497.664
2 1 1321.92 480.384
0 2 1590.45 622.08
1 2 1598.75 613.786
2 2 1607.04 597.197
0 3 1507.51 547.43
1 3 1513.73 539.136
2 3 1519.95 520.474
0 4 1318.81 510.106
1 4 1320.88 499.738
2 4 1320.88 481.075
0 5 1306.37 503.885
1 5 1308.44 493.517
2 5 1308.44 474.854
0 6 1302.22 495.59
1 6 1304.29 483.149
2 6 1304.29 464.486
0 7 1314.66 468.634
1 7 1316.74 456.192
2 7 1318.81 437.53
0 8 1314.66 472.781
1 8 1314.66 462.413
2 8 1314.66 441.677
0 9 639.498 748.984
1 9 627.057 739.031
2 9 611.712 725.76
0 10 1333.74 482.734
1 10 1336.23 470.293
2 10 1336.23 452.874
0 11 1303.88 495.176
1 11 1306.37 482.734
2 11 1306.37 465.316
0 12 1167.44 781.747
1 12 1164.53 771.379
2 12 1157.07 756.449
0 13 1308.86 515.082
1 13 1311.34 502.641
2 13 1311.34 485.223
0 14 597.197 910.725
1 14 582.682 908.237
2 14 567.337 900.772
0 15 639.498 748.984
1 15 627.057 739.031
2 15 612.127 726.59
0 16 1221.77 761.426
1 16 1219.28 751.473
2 16 1211.81 736.543
0 17 603.169 901.767
1 17 588.239 898.781
2 17 573.309 892.809
0 18 1316.32 467.804
1 18 1319.81 456.856
2 18 1319.81 435.954
0 19 1313.83 474.772
1 19 1316.82 462.828
2 19 1316.82 444.912
0 20 1588.54 621.085
1 20 1597.5 612.127
2 20 1606.46 594.211
0 21 696.73 592.22
1 21 683.791 585.253
2 21 668.861 570.323
0 22 639.001 749.482
1 22 624.071 740.524
2 22 609.141 728.58
0 23 1306.37 487.711
1 23 1307.86 474.772
2 23 1307.86 456.856
0 24 639.001 749.482
1 24 623.474 741.719
2 24 609.141 727.386
0 25 601.975 899.379
1 25 587.642 895.795
2 25 573.309 888.629
0 26 1573.02 616.307
1 26 1580.18 605.558
2 26 1590.93 591.225
0 27 1313.83 474.772
1 27 1316.82 462.828
2 27 1318.61 444.315
0 28 1239.78 763.218
1 28 1232.61 752.468
2 28 1229.03 738.135
0 29 698.72 566.143
1 29 684.388 555.393
2 29 670.055 541.06
0 30 1318.61 508.812
1 30 1322.19 498.062
2 30 1322.19 480.146
