27
0 0 1476 106
1 0 1470 95
2 0 1467 66
0 1 1391.04 408.96
1 1 1382.4 406.8
2 1 1378.8 388.8
0 2 1532.16 112.32
1 2 1527.84 100.8
2 2 1526.4 70.56
0 3 1414.08 83.52
1 3 1408.32 73.44
2 3 1404 44.64
0 4 1537.92 101.952
1 4 1534.46 89.856
2 4 1532.74 60.48
0 5 1391.39 410.573
1 5 1383.84 407.52
2 5 1378.94 390.528
0 6 1391.39 410.573
1 6 1384.13 407.808
2 6 1378.94 389.837
0 7 1479.17 143.424
1 7 1473.98 133.056
2 7 1472.26 103.68
0 8 1679.62 128.563
1 8 1677.54 116.122
2 8 1679.62 85.0176
0 9 1692.06 120.269
1 9 1689.98 107.827
2 9 1692.06 76.7232
0 10 1706.99 851.006
1 10 1704.5 853.494
2 10 1709.48 838.564
0 11 1679.62 129.393
1 11 1677.13 116.951
2 11 1679.62 84.6029
0 12 1475.57 126.904
1 12 1470.6 114.463
2 12 1468.11 87.0912
0 13 1391.39 410.573
1 13 1383.09 408.499
2 13 1378.53 390.666
0 14 1331.25 721.613
1 14 1323.79 724.101
2 14 1321.3 709.171
0 15 1318.81 719.125
1 15 1311.34 721.613
2 15 1308.86 706.683
0 16 1726.89 709.171
1 16 1722.91 707.678
2 16 1728.89 689.763
0 17 1331.25 721.613
1 17 1322.79 725.594
2 17 1319.81 710.664
0 18 1705 851.006
1 18 1702.01 853.992
2 18 1707.98 839.062
0 19 1391.47 412.066
1 19 1382.51 409.08
2 19 1379.53 394.15
0 20 1315.03 716.636
1 20 1307.86 716.636
2 20 1304.88 704.692
0 21 749.482 128.397
1 21 727.386 125.411
2 21 709.47 111.079
0 22 1318.61 727.386
1 22 1307.86 730.969
2 22 1307.86 716.636
0 23 1390.27 412.066
1 23 1383.11 408.483
2 23 1379.53 390.567
0 24 842.048 562.56
1 24 827.715 562.56
2 24 816.965 551.81
0 25 1315.03 716.636
1 25 1307.86 716.636
2 25 1304.28 702.304
0 26 856.38 548.227
1 26 842.048 552.407
2 26 831.298 537.477
