34
0 0 1000.51 692.928
1 0 981.504 706.752
2 0 960.48 724.32
0 1 1337.76 596.16
1 1 1324.8 606.24
2 1 1307.52 619.2
0 2 1282.18 711.936
1 2 1268.64 724.32
2 2 1251.07 741.312
0 3 1491.26 60.48
1 3 1479.17 60.48
2 3 1463.62 62.208
0 4 1000.51 692.928
1 4 981.504 706.752
2 4 960.768 724.032
0 5 1264.9 665.28
1 5 1251.36 676.8
2 5 1232.06 692.928
0 6 1031.62 729.216
1 6 1012.32 744.48
2 6 991.872 762.048
0 7 868.839 501.811
1 7 843.264 514.944
2 7 813.888 532.224
0 8 1337.47 596.16
1 8 1325.38 606.528
2 8 1308.1 618.624
0 9 1838.59 79.488
1 9 1828.22 79.488
2 9 1812.67 81.216
0 10 1013.99 848.103
1 10 993.255 870.912
2 10 970.445 895.795
0 11 1000.51 692.928
1 11 982.887 704.195
2 11 962.151 723.687
0 12 1443.23 433.382
1 12 1432.86 437.53
2 12 1416.27 445.824
0 13 1282.18 711.936
1 13 1268.35 724.032
2 13 1250.38 742.349
0 14 1032.65 727.834
1 14 1013.99 744.422
2 14 991.181 761.011
0 15 1771.68 79.6263
1 15 1761.73 79.6263
2 15 1744.31 82.1146
0 16 999.475 690.509
1 16 980.813 705.024
2 16 960.492 721.613
0 17 1338.72 594.709
1 17 1326.27 604.662
2 17 1308.86 617.104
0 18 1341.62 603.418
1 18 1326.27 612.127
2 18 1311.34 624.568
0 19 1012.25 692.748
1 19 994.333 707.678
2 19 973.431 725.594
0 20 1256.6 831.099
1 20 1242.17 851.006
2 20 1224.25 871.908
0 21 1012.25 848.02
1 21 991.347 871.908
2 21 967.459 895.795
0 22 1033.15 728.58
1 22 1015.23 743.51
2 22 994.333 761.426
0 23 1450.69 430.479
1 23 1439.24 435.954
2 23 1421.33 444.912
0 24 1573.61 415.052
1 24 1564.66 418.038
2 24 1549.73 426.996
0 25 1338.72 594.709
1 25 1325.78 603.169
2 25 1307.86 615.113
0 26 1268.45 748.885
1 26 1257.7 763.218
2 26 1239.78 781.134
0 27 1723.51 429.982
1 27 1712.76 433.565
2 27 1698.43 440.731
0 28 1256.6 831.099
1 28 1243.36 849.214
2 28 1225.45 870.713
0 29 1624.38 839.062
1 29 1615.42 856.978
2 29 1605.27 877.88
0 30 1006.87 834.881
1 30 985.375 856.38
2 30 960.293 881.463
0 31 1033.15 728.58
1 31 1017.62 741.719
2 31 996.125 759.635
0 32 1451.19 429.982
1 32 1436.86 437.148
2 32 1422.52 444.315
0 33 1365.19 630.64
1 33 1354.44 641.39
2 33 1336.53 652.139
