43
0 0 860.4 506.4
1 0 870 540
2 0 884.4 577.2
0 1 824.4 501.6
1 1 835.2 536.4
2 1 848.4 572.4
0 2 861.12 506.88
1 2 871.2 542.88
2 2 885.6 578.88
0 3 711.936 459.648
1 3 720.576 492.48
2 3 734.4 528.768
0 4 198.72 730.944
1 4 203.904 758.592
2 4 214.272 794.88
0 5 817.344 463.104
1 5 825.984 497.664
2 5 841.536 533.952
0 6 505.958 926.899
1 6 512.179 962.151
2 6 522.547 1003.62
0 7 707.098 761.011
1 7 713.318 792.115
2 7 723.687 829.44
0 8 1461.89 816.999
1 8 1478.48 862.618
2 8 1503.36 910.311
0 9 825.293 503.885
1 9 835.661 537.062
2 9 850.176 574.387
0 10 711.245 460.339
1 10 721.613 491.443
2 10 734.055 528.768
0 11 1463.13 816.169
1 11 1478.06 860.959
2 11 1502.95 908.237
0 12 826.122 502.641
1 12 836.076 537.477
2 12 851.006 574.802
0 13 1423.32 808.704
1 13 1440.74 853.494
2 13 1465.62 900.772
0 14 1092.37 557.384
1 14 1104.81 594.709
2 14 1122.23 634.522
0 15 624.568 410.573
1 15 634.522 442.921
2 15 649.452 477.758
0 16 209.019 756.449
1 16 213.996 786.309
2 16 223.949 823.634
0 17 1422.49 800.41
1 17 1438.25 843.541
2 17 1463.13 890.819
0 18 306.063 495.176
1 18 313.528 522.547
2 18 325.97 557.384
0 19 199.066 744.422
1 19 201.554 773.868
2 19 211.507 808.704
0 20 199.066 729.078
1 20 204.042 758.938
2 20 213.996 793.774
0 21 860.959 507.617
1 21 870.912 539.966
2 21 885.842 577.29
0 22 827.118 504.631
1 22 836.076 537.477
2 22 848.02 573.309
0 23 1460.15 815.174
1 23 1478.06 859.964
2 23 1501.95 907.739
0 24 1594.52 758.44
1 24 1615.42 803.23
2 24 1642.29 851.006
0 25 268.739 307.556
1 25 280.683 334.43
2 25 295.612 370.262
0 26 606.155 459.842
1 26 615.113 492.688
2 26 630.043 528.519
0 27 705.887 756.051
1 27 710.664 791.286
2 27 722.608 830.104
0 28 209.019 755.454
1 28 214.991 785.314
2 28 223.949 821.146
0 29 196.577 746.496
1 29 200.061 776.356
2 29 209.019 812.188
0 30 618.099 403.108
1 30 630.043 435.954
2 30 641.987 471.786
0 31 624.071 412.066
1 31 633.029 441.926
2 31 647.959 477.758
0 32 1436.86 813.382
1 32 1454.77 859.964
2 32 1479.85 906.545
0 33 193.492 748.885
1 33 197.075 777.55
2 33 207.825 813.382
0 34 600.183 424.01
1 34 609.141 456.856
2 34 623.474 494.479
0 35 304.57 494.479
1 35 311.737 523.145
2 35 322.486 555.393
0 36 1089.29 558.976
1 36 1100.04 594.808
2 36 1117.95 634.223
0 37 211.408 752.468
1 37 214.991 784.717
2 37 225.74 820.549
0 38 243.656 756.051
1 38 247.24 784.717
2 38 257.989 820.549
0 39 827.715 501.645
1 39 834.881 533.894
2 39 849.214 573.309
0 40 616.307 408.483
1 40 627.057 440.731
2 40 641.39 476.563
0 41 619.89 401.316
1 41 630.64 433.565
2 41 644.973 469.397
0 42 705.887 756.051
1 42 709.47 788.3
2 42 720.22 827.715
