51
0 0 1483 56
1 0 1454 62
2 0 1440 60
0 1 1189.2 524.4
1 1 1158 534
2 1 1141.2 544.8
0 2 1468.8 55.2
1 2 1438.8 61.2
2 2 1425.6 58.8
0 3 1287.6 50.4
1 3 1258.8 55.2
2 3 1244.4 54
0 4 1635.84 60.48
1 4 1605.6 67.68
2 4 1592.64 64.8
0 5 1189.2 524.4
1 5 1158 534
2 5 1140.48 545.76
0 6 1802.88 63.36
1 6 1769.76 72
2 6 1756.8 69.12
0 7 1683.36 70.56
1 7 1651.68 77.76
2 7 1638.72 74.88
0 8 1820.16 64.8
1 8 1787.04 73.44
2 8 1774.08 70.56
0 9 1854.72 64.8
1 9 1821.6 73.44
2 9 1808.64 70.56
0 10 1667.52 70.56
1 10 1635.84 77.76
2 10 1622.88 74.88
0 11 1634.4 69.12
1 11 1604.16 76.32
2 11 1591.2 73.44
0 12 1786.75 72.576
1 12 1752.19 81.216
2 12 1740.1 77.76
0 13 1359.94 63.936
1 13 1330.56 70.848
2 13 1316.74 69.12
0 14 1486.08 60.48
1 14 1456.7 67.392
2 14 1442.88 63.936
0 15 1183.68 521.28
1 15 1152.92 532.915
2 15 1135.3 542.592
0 16 1273.54 69.12
1 16 1244.16 74.304
2 16 1230.34 72.576
0 17 1266.62 69.12
1 17 1237.25 74.304
2 17 1223.42 74.304
0 18 1650.24 69.12
1 18 1619.14 76.032
2 18 1605.31 74.304
0 19 1484.35 55.296
1 19 1453.25 60.48
2 19 1441.15 58.752
0 20 1785.02 63.936
1 20 1717.63 70.848
2 20 1738.37 69.12
0 21 1480.9 63.936
1 21 1451.52 70.848
2 21 1437.7 67.392
0 22 1750.46 70.848
1 22 1684.8 77.76
2 22 1670.98 76.032
0 23 1184.03 522.547
1 23 1152.92 532.915
2 23 1136.33 543.283
0 24 1273.19 68.4288
1 24 1242.09 74.6496
2 24 1229.65 72.576
0 25 1360.28 64.2816
1 25 1331.25 70.5024
2 25 1316.74 68.4288
0 26 1567.64 975.422
1 26 1542.76 990.352
2 26 1530.32 1000.3
0 27 1271.53 109.486
1 27 1244.16 116.951
2 27 1229.23 114.463
0 28 577.29 744.008
1 28 537.477 758.938
2 28 515.082 776.356
0 29 1376.04 768.891
1 29 1348.67 776.356
2 29 1336.23 786.309
0 30 564.351 761.426
1 30 527.524 771.379
2 30 505.129 788.798
0 31 1179.46 865.936
1 31 1149.6 878.377
2 31 1137.16 888.33
0 32 1184.03 522.547
1 32 1154.3 532.224
2 32 1137.16 544.942
0 33 1170.51 865.936
1 33 1140.65 880.866
2 33 1128.7 889.823
0 34 1161.55 865.936
1 34 1131.69 877.88
2 34 1119.74 889.823
0 35 1582.57 839.062
1 35 1555.7 851.006
2 35 1543.75 859.964
0 36 1376.54 767.398
1 36 1346.68 779.342
2 36 1334.74 788.3
0 37 982.389 301.584
1 37 952.529 304.57
2 37 940.585 307.556
0 38 1376.54 761.426
1 38 1346.68 770.384
2 38 1334.74 779.342
0 39 1178.87 867.13
1 39 1150.2 877.88
2 39 1135.87 888.629
0 40 1171.7 859.964
1 40 1143.04 874.296
2 40 1128.7 885.046
0 41 1160.95 863.547
1 41 1132.29 874.296
2 41 1117.95 885.046
0 42 1583.77 838.465
1 42 1555.1 849.214
2 42 1544.35 856.38
0 43 564.849 758.938
1 43 525.533 773.37
2 43 501.645 791.883
0 44 1762.93 268.739
1 44 1730.68 275.905
2 44 1719.93 275.905
0 45 1376.04 768.891
1 45 1346.68 779.342
2 45 1336.53 784.717
0 46 576.295 746.496
1 46 537.477 756.051
2 46 515.978 773.967
0 47 981.792 300.987
1 47 952.529 304.57
2 47 938.794 304.57
0 48 397.733 286.655
1 48 351.152 297.404
2 48 322.486 308.154
0 49 1182.45 523.145
1 49 1153.78 533.894
2 49 1135.87 544.644
0 50 1770.09 444.315
1 50 1737.84 450.884
2 50 1727.09 447.898
