39
0 0 420.48 682.56
1 0 468 680.4
2 0 506 684
0 1 390 184.8
1 1 435.6 180
2 1 476.4 178.8
0 2 420 682.8
1 2 468 680.4
2 2 507.6 684
0 3 385.92 187.2
1 3 432 181.44
2 3 472.32 181.44
0 4 264.96 764.64
1 4 315.36 763.2
2 4 355.68 767.52
0 5 326.592 437.184
1 5 371.52 432
2 5 408.96 432
0 6 528.48 221.76
1 6 576 217.44
2 6 617.76 217.44
0 7 420.48 682.56
1 7 470.016 680.832
2 7 508.32 684
0 8 418.176 675.648
1 8 468.288 673.92
2 8 508.032 677.376
0 9 325.555 435.456
1 9 371.52 432
2 9 407.808 430.272
0 10 527.04 221.184
1 10 573.696 216
2 10 616.896 216
0 11 736.128 264.384
1 11 786.24 260.928
2 11 831.168 262.656
0 12 381.542 675.994
1 12 431.309 673.92
2 12 470.707 675.994
0 13 418.867 673.92
1 13 466.56 671.846
2 13 505.958 675.994
0 14 410.573 663.552
1 14 458.266 663.552
2 14 497.664 665.626
0 15 381.542 690.509
1 15 429.235 688.435
2 15 466.56 692.583
0 16 1161.22 396.058
1 16 1219.28 393.984
2 16 1275.26 400.205
0 17 182.477 761.011
1 17 234.317 758.938
2 17 273.715 761.011
0 18 207.36 622.08
1 18 257.126 620.006
2 18 296.525 620.006
0 19 495.176 883.354
1 19 549.919 883.354
2 19 592.22 893.307
0 20 492.687 873.401
1 20 544.942 873.401
2 20 589.732 883.354
0 21 471.786 689.763
1 21 525.533 686.776
2 21 574.802 689.265
0 22 495.176 218.972
1 22 539.966 213.996
2 22 582.267 213.996
0 23 1162.05 395.643
1 23 1219.28 393.155
2 23 1276.51 400.62
0 24 475.269 890.819
1 24 527.524 893.307
2 24 572.314 900.772
0 25 181.647 761.426
1 25 233.902 758.938
2 25 273.715 761.426
0 26 976.417 725.594
1 26 1027.68 726.59
2 26 1074.95 736.543
0 27 410.573 664.382
1 27 456.856 662.889
2 27 495.673 665.875
0 28 489.702 842.048
1 28 541.06 838.465
2 28 585.253 851.006
0 29 283.669 140.341
1 29 331.444 134.369
2 29 373.248 134.369
0 30 203.047 618.099
1 30 250.823 615.113
2 30 289.641 618.099
0 31 492.688 874.894
1 31 546.435 874.894
2 31 588.239 883.852
0 32 492.688 883.852
1 32 549.421 883.852
2 32 591.225 892.809
0 33 182.145 761.426
1 33 232.907 758.44
2 33 274.711 761.426
0 34 487.313 838.465
1 34 541.06 838.465
2 34 584.059 845.631
0 35 494.479 881.463
1 35 548.227 881.463
2 35 591.225 888.629
0 36 200.658 616.307
1 36 250.823 612.724
2 36 290.238 616.307
0 37 1006.87 447.898
1 37 1060.62 451.481
2 37 1114.37 455.064
0 38 698.72 605.558
1 38 741.719 605.558
2 38 781.134 609.141
