40
0 0 1455 64
1 0 1453 72
2 0 1449 77
0 1 1455.6 63.6
1 1 1453.2 72
2 1 1449.6 76.8
0 2 1759.2 79.2
1 2 1759.2 90
2 2 1760.4 96
0 3 1723.68 76.32
1 3 1723.68 86.4
2 3 1723.68 92.16
0 4 1720.8 83.52
1 4 1717.92 93.6
2 4 1719.36 99.36
0 5 1243.2 806.4
1 5 1230 832.8
2 5 1215.36 862.56
0 6 1723.68 61.92
1 6 1723.68 72
2 6 1723.68 77.76
0 7 1045.44 347.328
1 7 1035.07 357.696
2 7 1021.25 369.792
0 8 1728 62.208
1 8 1728 72.576
2 8 1728 77.76
0 9 1785.02 93.312
1 9 1785.02 105.408
2 9 1786.75 110.592
0 10 1724.54 76.032
1 10 1724.54 86.4
2 10 1724.54 91.584
0 11 1228.61 637.632
1 11 1218.24 658.368
2 11 1206.14 680.832
0 12 926.208 762.048
1 12 907.2 786.24
2 12 884.736 813.888
0 13 763.776 570.24
1 13 736.128 590.976
2 13 701.568 618.624
0 14 200.16 377.28
1 14 157.248 393.984
2 14 105.408 416.448
0 15 1412.12 466.56
1 15 1405.9 483.149
2 15 1399.68 497.664
0 16 926.899 761.011
1 16 907.2 786.24
2 16 885.427 812.851
0 17 1733.53 76.7232
1 17 1731.46 87.0912
2 17 1733.53 93.312
0 18 1750.12 78.7968
1 18 1750.12 89.1648
2 18 1750.12 95.3856
0 19 940.585 761.426
1 19 920.679 786.309
2 19 898.284 813.681
0 20 928.144 761.426
1 20 908.237 783.821
2 20 885.842 811.193
0 21 1244.16 654.428
1 21 1231.72 674.335
2 21 1219.28 699.218
0 22 1400.92 465.316
1 22 1393.46 480.246
2 22 1388.48 495.176
0 23 928.144 696.73
1 23 910.311 715.392
2 23 890.819 739.031
0 24 1244.16 808.704
1 24 1231.72 836.076
2 24 1216.79 865.936
0 25 763.085 570.24
1 25 736.543 592.22
2 25 701.706 619.592
0 26 1227.24 191.103
1 26 1221.27 200.061
2 26 1214.3 209.019
0 27 1408.19 462.23
1 27 1400.43 480.744
2 27 1394.45 495.673
0 28 928.641 761.426
1 28 907.739 782.328
2 28 886.837 812.188
0 29 1397.44 462.23
1 29 1393.46 480.246
2 29 1385.5 495.673
0 30 960.492 803.728
1 30 940.585 830.104
2 30 919.683 859.964
0 31 766.801 566.143
1 31 737.538 591.225
2 31 704.692 618.099
0 32 1286.96 656.917
1 32 1278 677.819
2 32 1266.06 701.706
0 33 1408.19 462.23
1 33 1401.02 480.146
2 33 1393.86 494.479
0 34 1540.77 440.731
1 34 1537.19 458.647
2 34 1530.02 472.98
0 35 928.641 761.426
1 35 910.128 781.134
2 35 888.629 809.799
0 36 1211.12 827.715
1 36 1196.78 856.38
2 36 1178.87 888.629
0 37 766.801 566.143
1 37 737.538 591.225
2 37 705.887 616.307
0 38 1318.61 684.388
1 38 1307.86 705.887
2 38 1297.11 730.969
0 39 1229.03 189.909
1 39 1221.86 197.075
2 39 1214.7 207.825
