20
0 0 1178.5 381.888
1 0 1211.33 421.632
2 0 1233.79 456.192
0 1 641.987 633.029
1 1 663.552 667.699
2 1 667.699 694.656
0 2 1331.25 400.205
1 2 1368.58 441.677
2 2 1399.68 481.075
0 3 641.987 633.029
1 3 661.893 669.358
2 3 666.87 694.241
0 4 624.568 731.566
1 4 639.498 776.356
2 4 641.987 806.216
0 5 1181.95 390.666
1 5 1214.3 430.479
2 5 1236.7 465.316
0 6 1184.44 355.83
1 6 1216.79 398.131
2 6 1241.67 430.479
0 7 1381.02 452.045
1 7 1420.83 497.664
2 7 1450.69 537.477
0 8 1089.88 636.015
1 8 1116.76 680.805
2 8 1131.69 716.636
0 9 519.561 655.722
1 9 534.491 698.72
2 9 537.477 722.608
0 10 641.987 633.029
1 10 661.893 669.358
2 10 665.875 695.734
0 11 1194.39 379.22
1 11 1227.24 421.024
2 11 1251.13 453.87
0 12 1379.53 453.87
1 12 1421.33 498.659
2 12 1451.19 540.463
0 13 313.528 853.992
1 13 320.993 903.26
2 13 313.528 934.613
0 14 698.72 450.884
1 14 719.125 490.199
2 14 725.594 516.575
0 15 615.113 746.496
1 15 627.057 788.3
2 15 630.64 820.549
0 16 519.561 655.722
1 16 533.894 695.137
2 16 537.477 720.22
0 17 698.72 450.884
1 17 720.22 490.896
2 17 727.386 515.978
0 18 623.474 730.969
1 18 637.806 773.967
2 18 641.39 806.216
0 19 159.253 768.891
1 19 164.229 812.188
2 19 157.66 834.881
