54
0 0 1506 61
1 0 1469 68
2 0 1432 74
0 1 1484.4 51.6
1 1 1448.4 58.8
2 1 1410 64.8
0 2 1406.4 44.4
1 2 1369.2 51.6
2 2 1332 57.6
0 3 1822.8 88.8
1 3 1815.6 98.4
2 3 1742.4 100.8
0 4 1591.2 68.4
1 4 1582.8 78
2 4 1544.4 84
0 5 1840.8 90
1 5 1800 96
2 5 1760.4 102
0 6 1856.4 91.2
1 6 1815.6 98.4
2 6 1776 103.2
0 7 1674 63.6
1 7 1635.6 70.8
2 7 1597.2 75.6
0 8 1453.2 100.8
1 8 1416 108
2 8 1380 115.2
0 9 1356.48 449.28
1 9 1320.48 468
2 9 1283.04 485.28
0 10 1360.8 452.4
1 10 1324.8 470.88
2 10 1287.36 488.16
0 11 1455.84 64.8
1 11 1419.84 72
2 11 1382.4 77.76
0 12 1638.72 66.24
1 12 1599.84 72
2 12 1562.4 77.76
0 13 1491.84 60.48
1 13 1454.4 67.68
2 13 1416.96 73.44
0 14 1504.8 60.48
1 14 1467.36 67.68
2 14 1429.92 73.44
0 15 1537.92 56.16
1 15 1500.48 63.36
2 15 1463.04 69.12
0 16 1856.16 90.72
1 16 1815.84 97.92
2 16 1775.52 102.24
0 17 1510.56 53.28
1 17 1473.12 60.48
2 17 1435.68 66.24
0 18 1452.96 100.8
1 18 1415.52 108
2 18 1379.52 115.2
0 19 1604.16 70.56
1 19 1566.72 77.76
2 19 1529.28 83.52
0 20 1448.06 67.392
1 20 1411.78 74.304
2 20 1373.76 81.216
0 21 1667.52 67.392
1 21 1629.5 74.304
2 21 1591.49 79.488
0 22 1638.14 65.664
1 22 1600.13 72.576
2 22 1562.11 77.76
0 23 1446.34 74.304
1 23 1410.05 82.944
2 23 1373.76 88.128
0 24 1358.62 452.874
1 24 1324.8 470.88
2 24 1285.63 487.296
0 25 1314.66 783.821
1 25 1283.56 804.557
2 25 1250.38 823.219
0 26 1358.62 452.874
1 26 1321.3 470.293
2 26 1283.97 487.711
0 27 1445.71 84.6029
1 27 1410.88 92.0679
2 27 1373.55 99.5328
0 28 768.96 623.808
1 28 726.59 651.94
2 28 681.8 674.335
0 29 1314.66 783.821
1 29 1283.56 804.557
2 29 1251.63 823.634
0 30 1806.52 77.1379
1 30 1769.2 84.6029
2 30 1726.89 89.5795
0 31 1453.18 99.5328
1 31 1418.34 106.998
2 31 1381.02 114.463
0 32 1307.86 782.328
1 32 1275.02 806.216
2 32 1242.17 824.132
0 33 1358.62 452.874
1 33 1321.3 470.293
2 33 1283.97 489.702
0 34 1313.83 785.314
1 34 1283.97 806.216
2 34 1251.13 824.132
0 35 1510.41 719.125
1 35 1481.05 734.552
2 35 1448.2 749.482
0 36 768.891 627.057
1 36 725.594 653.931
2 36 680.805 674.833
0 37 707.678 286.655
1 37 659.903 310.542
2 37 609.141 328.458
0 38 664.382 181.647
1 38 615.113 200.061
2 38 561.365 217.977
0 39 1152.59 268.739
1 39 1116.76 280.683
2 39 1083.91 286.655
0 40 1315.03 784.717
1 40 1283.97 806.216
2 40 1250.53 824.132
0 41 1307.86 781.134
1 41 1275.61 802.633
2 41 1243.36 820.549
0 42 1297.11 777.55
1 42 1264.86 799.05
2 42 1232.61 820.549
0 43 1300.7 791.883
1 43 1272.03 809.799
2 43 1236.2 834.881
0 44 567.337 170.201
1 44 515.978 189.909
2 44 458.647 204.241
0 45 561.365 170.201
1 45 508.812 189.909
2 45 451.481 207.825
0 46 1512.1 716.636
1 46 1479.85 730.969
2 46 1447.61 748.885
0 47 666.472 179.159
1 47 616.307 200.658
2 47 562.56 218.574
0 48 768.891 627.057
1 48 725.594 653.931
2 48 680.805 677.221
0 49 779.342 615.113
1 49 738.135 637.806
2 49 695.137 662.889
0 50 1153.78 265.155
1 50 1117.95 275.905
2 50 1082.12 286.655
0 51 773.967 609.141
1 51 730.969 637.806
2 51 687.971 659.305
0 52 1358.03 451.481
1 52 1322.19 469.397
2 52 1282.78 487.313
0 53 1684.1 913.711
1 53 1655.43 935.21
2 53 1626.76 953.126
