50
0 0 238.8 742.8
1 0 260.4 738
2 0 284.4 732
0 1 180 256.32
1 1 204.48 250.56
2 1 231.84 241.92
0 2 302.4 905.472
1 2 324.864 903.744
2 2 351.36 898.56
0 3 182.88 253.44
1 3 208.8 247.68
2 3 236.16 239.04
0 4 142.56 506.88
1 4 162.72 499.68
2 4 187.2 492.48
0 5 247.68 659.52
1 5 274.752 656.64
2 5 303.84 649.44
0 6 247.68 659.52
1 6 274.752 656.64
2 6 304.128 649.728
0 7 252 656.64
1 7 277.862 653.184
2 7 307.584 646.272
0 8 228.096 724.032
1 8 248.832 720.576
2 8 273.024 713.664
0 9 260.928 732.672
1 9 286.848 729.216
2 9 314.496 722.304
0 10 302.4 905.472
1 10 324.864 903.744
2 10 350.784 898.56
0 11 235.008 734.4
1 11 255.744 730.944
2 11 279.936 724.032
0 12 196.992 743.04
1 12 217.728 739.584
2 12 241.92 732.672
0 13 276.48 799.2
1 13 300.96 794.88
2 13 326.592 786.24
0 14 238.464 743.04
1 14 260.64 738.72
2 14 283.392 732.672
0 15 262.656 943.488
1 15 285.12 941.76
2 15 309.312 936.576
0 16 179.712 255.744
1 16 205.632 248.832
2 16 231.552 241.92
0 17 138.931 505.958
1 17 161.741 499.738
2 17 186.624 492.48
0 18 285.12 279.936
1 18 311.04 274.752
2 18 338.688 267.84
0 19 138.931 505.958
1 19 161.741 499.738
2 19 184.55 491.443
0 20 196.992 744.422
1 20 217.728 738.202
2 20 242.611 731.981
0 21 235.008 734.4
1 21 255.744 730.944
2 21 279.936 723.687
0 22 928.973 410.573
1 22 958.003 410.573
2 22 991.181 408.499
0 23 261.274 943.488
1 23 284.083 941.415
2 23 308.966 937.267
0 24 248.832 660.096
1 24 276.204 656.917
2 24 304.819 649.037
0 25 308.966 933.12
1 25 331.776 931.047
2 25 356.659 926.899
0 26 522.547 308.966
1 26 549.504 304.819
2 26 578.534 300.672
0 27 78.7968 819.072
1 27 99.5328 814.925
2 27 124.416 806.63
0 28 250.56 656.64
1 28 277.862 653.184
2 28 308.552 646.963
0 29 136.858 505.129
1 29 159.253 497.664
2 29 184.136 490.199
0 30 308.552 930.632
1 30 330.947 930.632
2 30 355.83 925.655
0 31 306.063 925.655
1 31 328.458 923.167
2 31 353.342 918.19
0 32 774.144 729.216
1 32 796.263 729.907
2 32 823.634 729.078
0 33 930.632 408.085
1 33 958.003 408.085
2 33 990.352 408.085
0 34 785.314 734.552
1 34 808.704 734.055
2 34 836.076 734.055
0 35 77.1379 818.657
1 35 99.5328 813.681
2 35 124.416 806.216
0 36 686.776 797.258
1 36 716.636 797.258
2 36 751.473 796.263
0 37 251.32 656.917
1 37 279.488 655.722
2 37 307.556 647.959
0 38 262.767 961.487
1 38 286.655 958.501
2 38 310.542 955.515
0 39 785.314 465.814
1 39 812.188 465.814
2 39 845.034 462.828
0 40 785.314 734.552
1 40 808.704 734.055
2 40 836.076 734.552
0 41 776.356 450.884
1 41 806.216 447.898
2 41 836.076 447.898
0 42 934.613 406.094
1 42 961.487 406.094
2 42 994.333 403.108
0 43 261.572 960.293
1 43 283.071 956.71
2 43 308.154 953.126
0 44 261.572 945.96
1 44 283.071 942.377
2 44 308.154 938.794
0 45 304.57 928.044
1 45 326.07 924.461
2 45 351.152 920.878
0 46 250.823 659.305
1 46 279.488 655.722
2 46 308.154 648.556
0 47 784.717 462.23
1 47 813.382 462.23
2 47 845.631 458.647
0 48 519.561 644.973
1 48 541.06 641.39
2 48 566.143 637.806
0 49 773.967 121.828
1 49 806.216 118.245
2 49 838.465 114.662
