38
0 0 126 825.6
1 0 186 819.6
2 0 243.6 813.6
0 1 1406.88 711.36
1 1 1464 726
2 1 1522.8 735.6
0 2 131.328 825.984
1 2 191.52 820.8
2 2 249.12 815.04
0 3 1408.32 711.936
1 3 1465.34 724.032
2 3 1523.52 735.84
0 4 122.342 829.44
1 4 182.477 823.219
2 4 241.92 817.344
0 5 129.393 823.634
1 5 189.112 818.657
2 5 247.104 813.888
0 6 1406.88 711.36
1 6 1465.34 724.032
2 6 1524.1 736.128
0 7 224.64 437.184
1 7 288.576 438.912
2 7 347.328 438.912
0 8 122.342 829.44
1 8 182.477 823.219
2 8 240.538 816.999
0 9 129.393 823.634
1 9 189.112 818.657
2 9 246.758 812.851
0 10 236.39 468.634
1 10 298.598 468.634
2 10 356.659 468.634
0 11 242.611 462.413
1 11 304.819 464.486
2 11 362.88 462.413
0 12 557.798 296.525
1 12 615.859 300.672
2 12 673.92 304.819
0 13 119.439 418.038
1 13 184.55 418.867
2 13 246.758 418.867
0 14 1409.38 713.65
1 14 1465.52 723.803
2 14 1524.1 736.128
0 15 226.022 437.53
1 15 288.23 439.603
2 15 348.365 439.603
0 16 116.122 553.651
1 16 180.403 551.578
2 16 240.538 549.504
0 17 119.439 418.038
1 17 184.136 418.038
2 17 246.344 418.038
0 18 236.39 467.804
1 18 298.598 467.804
2 18 358.318 467.804
0 19 137.355 830.104
1 19 197.075 824.132
2 19 253.809 818.657
0 20 119.439 830.104
1 20 182.477 823.219
2 20 238.879 818.657
0 21 1409.38 713.65
1 21 1465.62 724.101
2 21 1525.34 736.543
0 22 79.6263 385.69
1 22 149.299 385.69
2 22 211.507 385.69
0 23 243.855 440.433
1 23 303.575 440.433
2 23 365.783 440.433
0 24 273.715 395.643
1 24 333.435 398.131
2 24 393.155 398.131
0 25 1602.48 828.611
1 25 1667.17 846.029
2 25 1734.36 865.936
0 26 1692.06 943.073
1 26 1741.82 935.609
2 26 1791.59 928.144
0 27 128.397 824.132
1 27 188.117 818.16
2 27 244.851 812.188
0 28 119.439 830.104
1 28 179.159 824.132
2 28 238.879 818.16
0 29 161.243 513.589
1 29 222.157 512.395
2 29 283.669 510.603
0 30 1408.19 709.47
1 30 1465.52 723.803
2 30 1522.85 737.538
0 31 759.635 222.157
1 31 816.965 229.324
2 31 874.296 232.907
0 32 118.245 827.715
1 32 179.159 824.132
2 32 236.49 816.965
0 33 128.995 820.549
1 33 189.909 816.965
2 33 247.24 809.799
0 34 1408.19 709.47
1 34 1465.52 723.803
2 34 1522.85 734.552
0 35 161.243 512.395
1 35 222.157 512.395
2 35 283.071 508.812
0 36 247.24 440.731
1 36 308.154 440.731
2 36 369.068 440.731
0 37 870.713 483.73
1 37 924.461 490.896
2 37 978.209 494.479
