27
0 0 1342 417
1 0 1343 419
2 0 1334 426
0 1 1321.92 446.4
1 1 1321.92 449.28
2 1 1311.84 457.92
0 2 1306.08 423.36
1 2 1306.08 426.24
2 2 1294.56 433.44
0 3 1292.54 993.6
1 3 1285.92 1008
2 3 1270.08 1022.98
0 4 1340.64 416.16
1 4 1340.93 418.176
2 4 1332.29 425.088
0 5 1567.3 494.208
1 5 1577.66 499.392
2 5 1577.66 508.032
0 6 1543.1 497.664
1 6 1551.74 502.848
2 6 1551.74 511.488
0 7 1117.67 738.202
1 7 1102.33 746.496
2 7 1078.27 758.938
0 8 1306.37 441.677
1 8 1306.37 443.75
2 8 1296 452.045
0 9 1339.55 416.794
1 9 1341.62 418.867
2 9 1331.25 425.088
0 10 1546.91 497.664
1 10 1557.27 503.885
2 10 1557.27 512.179
0 11 1314.66 406.426
1 11 1314.66 408.499
2 11 1304.29 414.72
0 12 1575.11 507.617
1 12 1585.06 512.594
2 12 1585.06 522.547
0 13 1339.55 416.794
1 13 1341.2 418.038
2 13 1331.25 423.014
0 14 1316.32 405.596
1 14 1316.32 408.085
2 14 1303.88 413.061
0 15 1547.74 497.664
1 15 1557.69 502.641
2 15 1557.69 510.106
0 16 1303.88 430.479
1 16 1301.39 432.968
2 16 1291.44 440.433
0 17 1152.59 695.734
1 17 1137.66 701.706
2 17 1113.77 710.664
0 18 490.199 893.307
1 18 453.87 916.697
2 18 406.094 955.515
0 19 1116.76 737.538
1 19 1101.83 746.496
2 19 1077.94 758.44
0 20 1316.32 405.596
1 20 1313.83 409.08
2 20 1304.88 415.052
0 21 1343.69 409.08
1 21 1346.68 412.066
2 21 1334.74 418.038
0 22 1307.86 453.87
1 22 1304.88 456.856
2 22 1295.92 462.828
0 23 1319.81 400.122
1 23 1319.81 403.108
2 23 1307.86 404.9
0 24 1315.03 404.9
1 24 1315.03 408.483
2 24 1304.28 415.649
0 25 1160.95 756.051
1 25 1146.62 763.218
2 25 1125.12 777.55
0 26 1322.19 447.898
1 26 1322.19 451.481
2 26 1311.44 458.647
