29
0 0 1442.4 394.8
1 0 1423.2 400.8
2 0 1406.4 406.8
0 1 1570.8 118.8
1 1 1555.2 117.6
2 1 1543.2 116.4
0 2 1850 133
1 2 1834.8 130.8
2 2 1821.6 128.4
0 3 1584 121.2
1 3 1568.4 120
2 3 1556.4 118.8
0 4 1517.76 149.76
1 4 1503.36 148.32
2 4 1491.84 148.32
0 5 1722.82 141.696
1 5 1707.26 139.968
2 5 1693.44 138.24
0 6 1506.82 152.064
1 6 1492.99 150.336
2 6 1480.9 150.336
0 7 1442.88 395.712
1 7 1422.49 402.278
2 7 1405.9 408.499
0 8 1370.65 700.877
1 8 1356.13 709.171
2 8 1339.55 717.466
0 9 1510.41 136.858
1 9 1495.48 136.858
2 9 1485.53 134.369
0 10 1711.96 136.858
1 10 1697.03 134.369
2 10 1684.59 134.369
0 11 1371.06 701.706
1 11 1356.13 709.171
2 11 1341.2 716.636
0 12 1629.85 126.904
1 12 1614.92 124.416
2 12 1602.48 124.416
0 13 1442.88 395.712
1 13 1423.32 403.108
2 13 1405.9 408.085
0 14 1552.71 116.951
1 14 1537.78 114.463
2 14 1525.34 114.463
0 15 1547.74 666.87
1 15 1532.81 674.335
2 15 1520.36 679.312
0 16 1572.62 111.974
1 16 1557.69 111.974
2 16 1545.25 109.486
0 17 1443.23 396.058
1 17 1421.33 403.108
2 17 1406.4 409.08
0 18 1358.62 707.678
1 18 1343.69 716.636
2 18 1328.76 722.608
0 19 1547.74 666.87
1 19 1532.81 674.335
2 19 1519.87 677.819
0 20 1519.87 137.355
1 20 1504.94 137.355
2 20 1492.99 137.355
0 21 1440.44 397.733
1 21 1422.52 404.9
2 21 1404.61 412.066
0 22 1734.26 827.715
1 22 1719.93 838.465
2 22 1709.18 845.631
0 23 1526.44 125.411
1 23 1512.1 125.411
2 23 1497.77 121.828
0 24 1547.93 666.472
1 24 1533.6 670.055
2 24 1519.27 677.221
0 25 1684.1 136.161
1 25 1666.18 132.578
2 25 1651.85 132.578
0 26 1358.03 705.887
1 26 1343.69 713.053
2 26 1329.36 720.22
0 27 1354.44 695.137
1 27 1340.11 702.304
2 27 1325.78 709.47
0 28 885.046 136.161
1 28 859.964 143.327
2 28 831.298 146.91
