30
0 0 1676 652
1 0 1690 655
2 0 1715 653
0 1 1002.24 874.08
1 1 1003.68 881.28
2 1 1015.2 889.92
0 2 1486.08 119.232
1 2 1494.72 117.504
2 2 1515.46 108.864
0 3 1506.82 483.84
1 3 1517.18 485.568
2 3 1537.92 482.112
0 4 1540.69 221.875
1 4 1553.13 221.875
2 4 1573.86 213.581
0 5 1522.02 761.011
1 5 1532.39 765.159
2 5 1553.13 767.232
0 6 1506.82 483.84
1 6 1517.88 485.222
2 6 1538.61 481.075
0 7 1420.83 579.779
1 7 1430.78 582.267
2 7 1450.69 582.267
0 8 1779.15 241.367
1 8 1794.08 238.879
2 8 1821.45 228.925
0 9 1007.77 883.354
1 9 1007.77 890.819
2 9 1020.21 898.284
0 10 1373.55 711.66
1 10 1381.02 714.148
2 10 1398.44 716.636
0 11 1520.36 758.938
1 11 1528.82 764.412
2 11 1552.71 766.403
0 12 1487.02 116.453
1 12 1495.98 113.467
2 12 1516.88 104.509
0 13 641.39 799.05
1 13 639.001 806.216
2 13 650.945 815.174
0 14 1561.67 128.397
1 14 1573.61 125.411
2 14 1594.52 116.453
0 15 1006.28 883.852
1 15 1006.28 889.823
2 15 1018.22 898.781
0 16 979.403 895.795
1 16 979.403 904.753
2 16 991.347 913.711
0 17 991.347 895.795
1 17 991.347 904.753
2 17 1003.29 913.711
0 18 803.23 268.739
1 18 797.258 271.725
2 18 803.23 274.711
0 19 1373.55 710.664
1 19 1379.53 716.636
2 19 1397.44 716.636
0 20 1196.78 695.137
1 20 1200.37 698.72
2 20 1218.28 702.304
0 21 799.05 268.739
1 21 797.258 271.725
2 21 802.633 275.905
0 22 1372.36 709.47
1 22 1379.53 716.636
2 22 1401.02 716.636
0 23 1612.43 476.563
1 23 1626.76 476.563
2 23 1648.26 472.98
0 24 1254.11 189.909
1 24 1261.28 189.909
2 24 1275.61 186.325
0 25 1418.94 573.309
1 25 1429.69 576.892
2 25 1447.61 576.892
0 26 1257.7 171.993
1 26 1264.86 171.993
2 26 1279.2 168.41
0 27 1189.62 702.304
1 27 1196.78 705.887
2 27 1211.12 709.47
0 28 1193.2 136.161
1 28 1196.78 136.161
2 28 1211.12 132.578
0 29 1644.68 741.719
1 29 1655.43 745.302
2 29 1680.51 745.302
