18
0 0 1044 993.6
1 0 1071.6 975.6
2 0 1111.2 969.6
0 1 841.536 134.784
1 1 846.72 103.68
2 1 862.272 82.944
0 2 1177.92 542.88
1 2 1197.5 514.944
2 2 1225.15 497.664
0 3 1337.47 321.408
1 3 1358.21 292.378
2 3 1391.39 271.642
0 4 1600.13 414.72
1 4 1631.92 385.69
2 4 1673.4 364.954
0 5 1599.99 413.061
1 5 1631.92 385.69
2 5 1672.15 365.783
0 6 303.575 390.666
1 6 301.087 368.271
2 6 306.063 355.83
0 7 716.636 661.893
1 7 729.078 639.498
2 7 751.473 629.545
0 8 1338.72 320.993
1 8 1361.11 291.134
2 8 1393.46 271.227
0 9 649.452 612.127
1 9 659.405 589.732
2 9 676.823 579.779
0 10 1530.32 343.388
1 10 1560.18 313.528
2 10 1599.99 293.622
0 11 1531.81 343.388
1 11 1558.68 313.528
2 11 1600.49 292.627
0 12 492.688 576.295
1 12 498.062 551.81
2 12 510.603 543.449
0 13 1533.6 343.985
1 13 1562.27 311.737
2 13 1601.68 290.238
0 14 1089.29 960.293
1 14 1114.37 942.377
2 14 1153.78 935.21
0 15 644.973 630.64
1 15 655.722 609.141
2 15 673.638 598.391
0 16 494.479 573.309
1 16 498.062 551.81
2 16 512.395 541.06
0 17 257.989 881.463
1 17 272.322 867.13
2 17 293.821 867.13
