33
0 0 1557 40
1 0 1539 52
2 0 1506 61
0 1 1404 407.52
1 1 1388.16 427.68
2 1 1356.48 449.28
0 2 821.146 577.29
1 2 806.4 594
2 2 768.96 623.808
0 3 1404.86 407.808
1 3 1389.31 428.544
2 3 1356.48 449.28
0 4 1404.86 407.808
1 4 1389.31 428.544
2 4 1356.13 449.971
0 5 1341.62 736.128
1 5 1329.18 758.938
2 5 1302.22 781.747
0 6 1548.98 684.288
1 6 1536.54 700.877
2 6 1511.65 717.466
0 7 1346.18 739.031
1 7 1334.74 758.44
2 7 1308.86 781.333
0 8 1353.65 739.031
1 8 1341.2 761.426
2 8 1313.83 783.821
0 9 1343.69 742.349
1 9 1333.74 761.426
2 9 1306.37 786.309
0 10 1405.9 410.573
1 10 1390.97 430.479
2 10 1358.62 452.874
0 11 1338.72 736.543
1 11 1328.76 758.938
2 11 1301.39 781.333
0 12 1549.73 683.791
1 12 1537.78 694.241
2 12 1510.41 719.125
0 13 734.055 139.346
1 13 709.171 154.276
2 13 664.382 181.647
0 14 1196.88 243.855
1 14 1182.45 256.795
2 14 1152.09 271.227
0 15 1352.65 740.524
1 15 1341.2 761.426
2 15 1313.83 785.314
0 16 773.37 241.865
1 16 752.468 259.781
2 16 707.678 286.655
0 17 1346.68 737.538
1 17 1334.74 758.44
2 17 1307.86 782.328
0 18 816.965 576.892
1 18 799.05 598.391
2 18 764.412 627.057
0 19 1549.73 683.791
1 19 1537.78 698.72
2 19 1510.91 716.636
0 20 734.552 137.355
1 20 710.664 155.271
2 20 665.875 182.145
0 21 1740.83 883.852
1 21 1731.87 904.753
2 21 1707.98 925.655
0 22 1196.88 243.855
1 22 1182.45 256.795
2 22 1152.59 268.739
0 23 1716.94 874.894
1 23 1705 895.795
2 23 1684.1 916.697
0 24 644.973 125.411
1 24 618.099 143.327
2 24 573.309 170.201
0 25 1716.34 874.296
1 25 1705.59 892.212
2 25 1684.1 913.711
0 26 1406.4 412.066
1 26 1390.27 429.982
2 26 1358.03 451.481
0 27 1340.11 745.302
1 27 1329.36 766.801
2 27 1300.7 791.883
0 28 1766.51 874.296
1 28 1755.76 895.795
2 28 1730.68 913.711
0 29 1551.52 680.805
1 29 1537.19 698.72
2 29 1512.1 716.636
0 30 1197.38 241.865
1 30 1182.45 254.406
2 30 1153.78 265.155
0 31 816.965 576.892
1 31 799.05 598.391
2 31 763.218 627.057
0 32 1712.76 881.463
1 32 1702.01 902.962
2 32 1680.51 924.461
