43
0 0 320.4 674.4
1 0 338.4 671.04
2 0 367.2 656.4
0 1 319.68 675.36
1 1 338.4 671.04
2 1 367.2 656.64
0 2 1293.12 864
1 2 1326.24 874.08
2 2 1366.56 868.32
0 3 1358.21 929.664
1 3 1394.5 941.76
2 3 1434.24 934.848
0 4 1293.12 864
1 4 1327.1 874.368
2 4 1366.85 867.456
0 5 319.68 675.36
1 5 338.4 671.04
2 5 368.064 656.64
0 6 535.68 983.232
1 6 554.896 985.375
2 6 585.792 967.68
0 7 1152.92 835.661
1 7 1181.95 843.955
2 7 1217.2 835.661
0 8 646.272 611.712
1 8 667.699 611.712
2 8 696.73 601.344
0 9 1358.21 928.973
1 9 1393.46 941.415
2 9 1432.86 935.194
0 10 319.334 675.994
1 10 340.07 671.846
2 10 367.027 657.331
0 11 1293.93 862.618
1 11 1327.1 872.986
2 11 1366.5 866.765
0 12 535.68 983.232
1 12 557.798 982.887
2 12 586.829 968.371
0 13 1047.58 768.891
1 13 1074.95 776.356
2 13 1107.3 766.403
0 14 1010.26 781.333
1 14 1037.63 788.798
2 14 1069.98 778.844
0 15 534.989 982.887
1 15 554.896 985.375
2 15 584.755 967.957
0 16 653.931 818.16
1 16 674.833 818.16
2 16 704.195 803.728
0 17 639.498 622.08
1 17 661.893 622.08
2 17 689.265 609.639
0 18 724.101 639.498
1 18 746.496 639.498
2 18 776.356 629.545
0 19 1358.62 928.144
1 19 1393.46 940.585
2 19 1433.27 933.12
0 20 320.993 676.823
1 20 338.412 671.847
2 20 368.271 659.405
0 21 1296.42 863.447
1 21 1328.76 873.401
2 21 1368.58 865.936
0 22 1035.14 851.006
1 22 1062.51 858.471
2 22 1094.86 848.517
0 23 1033.15 758.44
1 23 1060.02 764.412
2 23 1092.87 755.454
0 24 534.491 985.375
1 24 555.393 985.375
2 24 585.253 970.445
0 25 1057.04 821.146
1 25 1086.9 827.118
2 25 1119.74 818.16
0 26 1295.92 862.95
1 26 1328.76 871.908
2 26 1367.58 865.936
0 27 319.5 677.819
1 27 340.402 674.833
2 27 367.276 659.903
0 28 1373.55 880.866
1 28 1409.38 892.809
2 28 1451.19 886.837
0 29 1304.88 916.697
1 29 1340.71 928.641
2 29 1379.53 922.669
0 30 1048.08 839.062
1 30 1074.95 845.034
2 30 1107.8 836.076
0 31 1047.58 768.891
1 31 1074.95 776.356
2 31 1107.8 767.398
0 32 1036.14 767.398
1 32 1063.01 773.37
2 32 1095.86 764.412
0 33 1042.11 767.398
1 33 1068.98 773.37
2 33 1101.83 764.412
0 34 1036.14 767.398
1 34 1060.62 770.384
2 34 1096.45 763.218
0 35 322.486 677.221
1 35 340.402 673.638
2 35 369.068 659.305
0 36 1297.11 859.964
1 36 1332.94 870.713
2 36 1368.78 863.547
0 37 1057.04 820.549
1 37 1085.7 827.715
2 37 1117.95 816.965
0 38 1307.86 917.295
1 38 1340.11 928.044
2 38 1379.53 920.878
0 39 1046.29 834.881
1 39 1074.95 842.048
2 39 1107.2 834.881
0 40 1340.11 920.878
1 40 1375.94 928.044
2 40 1415.36 924.461
0 41 741.719 670.055
1 41 763.218 670.055
2 41 791.883 659.305
0 42 1311.44 902.962
1 42 1347.28 913.711
2 42 1386.69 906.545
