47
0 0 1549 77
1 0 1517 75
2 0 1492 64
0 1 1544 84
1 1 1512 82
2 1 1487 71
0 2 1406.4 72
1 2 1374 72
2 2 1347.6 64.8
0 3 1591.2 80.4
1 3 1558.8 78
2 3 1533.6 66
0 4 1332 57.6
1 4 1299.6 58.8
2 4 1273.2 52.8
0 5 1527.6 82.8
1 5 1496.4 81.6
2 5 1471.2 70.8
0 6 1548 76.8
1 6 1516.8 74.4
2 6 1491.6 63.6
0 7 1287.36 488.16
1 7 1260 502.56
2 7 1239.84 509.76
0 8 1373.76 89.28
1 8 1340.64 90.72
2 8 1316.16 83.52
0 9 1591.2 80.64
1 9 1558.08 77.76
2 9 1533.6 64.8
0 10 1435.68 66.24
1 10 1404 66.24
2 10 1378.08 57.6
0 11 1533.6 74.88
1 11 1501.92 73.44
2 11 1476 63.36
0 12 1319.04 57.6
1 12 1287.36 59.04
2 12 1260 53.28
0 13 1759.68 102.24
1 13 1726.56 96.48
2 13 1703.52 80.64
0 14 1368.58 76.032
1 14 1337.47 77.76
2 14 1311.55 70.848
0 15 1382.4 77.76
1 15 1349.57 79.488
2 15 1323.65 72.576
0 16 1593.22 84.672
1 16 1560.38 81.216
2 16 1536.19 69.12
0 17 1370.3 122.688
1 17 1339.2 125.28
2 17 1313.28 119.232
0 18 1728 89.856
1 18 1696.9 86.4
2 18 1672.7 70.848
0 19 1826.5 98.496
1 19 1862.78 96.768
2 19 1804.03 76.032
0 20 1743.55 100.224
1 20 1710.72 95.04
2 20 1688.26 79.488
0 21 1575.94 78.7968
1 21 1542.76 76.7232
2 21 1517.88 64.2816
0 22 1370.65 122.342
1 22 1339.55 124.416
2 22 1314.66 118.195
0 23 1285.63 487.296
1 23 1256.6 500.152
2 23 1235.87 508.032
0 24 1250.38 823.219
1 24 1231.72 838.564
2 24 1221.35 848.103
0 25 1370.65 118.195
1 25 1339.55 118.195
2 25 1314.66 114.048
0 26 1677.13 955.515
1 26 1664.69 965.468
2 26 1662.2 965.468
0 27 1373.55 99.5328
1 27 1341.2 99.5328
2 27 1316.32 94.5562
0 28 1250.38 823.219
1 28 1231.72 838.564
2 28 1221.77 848.517
0 29 1285.63 487.296
1 29 1256.6 500.152
2 29 1236.7 507.617
0 30 1251.13 824.132
1 30 1233.21 839.062
2 30 1221.27 851.006
0 31 1083.91 286.655
1 31 1054.05 295.612
2 31 1033.15 298.598
0 32 561.365 217.977
1 32 513.589 241.865
2 32 474.772 265.753
0 33 1283.97 489.702
1 33 1254.11 501.645
2 33 1236.2 508.812
0 34 1250.53 824.132
1 34 1232.61 838.465
2 34 1221.86 849.214
0 35 1243.36 820.549
1 35 1225.45 834.881
2 35 1214.7 845.631
0 36 1232.61 820.549
1 36 1214.7 834.881
2 36 1203.95 845.631
0 37 1246.95 813.382
1 37 1229.03 827.715
2 37 1218.28 838.465
0 38 1447.61 734.552
1 38 1429.69 741.719
2 38 1418.94 745.302
0 39 562.56 218.574
1 39 515.978 240.073
2 39 476.563 265.155
0 40 1626.76 953.126
1 40 1612.43 960.293
2 40 1608.85 963.876
0 41 573.309 225.74
1 41 526.728 250.823
2 41 490.896 272.322
0 42 1082.12 286.655
1 42 1053.46 293.821
2 42 1031.96 297.404
0 43 1648.26 827.715
1 43 1630.35 834.881
2 43 1623.18 831.298
0 44 458.647 204.241
1 44 408.483 229.324
2 44 369.068 257.989
0 45 544.644 164.826
1 45 498.062 186.325
2 45 458.647 207.825
0 46 451.481 207.825
1 46 401.316 232.907
2 46 361.901 257.989
