24
0 0 725.76 117.504
1 0 724.032 93.312
2 0 725.76 60.48
0 1 1509.58 362.88
1 1 1530.32 343.388
2 1 1557.27 315.187
0 2 1049.24 955.93
1 2 1065.83 945.562
2 2 1092.79 928.973
0 3 829.44 951.783
1 3 843.955 943.488
2 3 866.765 926.899
0 4 1578.01 433.382
1 4 1600.82 414.72
2 4 1631.92 385.69
0 5 1577.6 432.968
1 5 1599.99 413.061
2 5 1632.34 385.69
0 6 313.528 408.085
1 6 303.575 390.666
2 6 301.087 368.271
0 7 649.452 624.568
1 7 649.452 612.127
2 7 659.405 589.732
0 8 1067.49 972.933
1 8 1084.91 962.98
2 8 1109.79 945.562
0 9 1322.96 342.144
1 9 1338.72 320.993
2 9 1361.11 291.134
0 10 1510.41 363.295
1 10 1530.32 343.388
2 10 1560.18 313.528
0 11 1517.88 423.014
1 11 1537.78 403.108
2 11 1567.64 375.736
0 12 313.528 409.08
1 12 301.584 391.164
2 12 301.584 367.276
0 13 1576.6 432.968
1 13 1597.5 415.052
2 13 1630.35 385.192
0 14 647.959 624.071
1 14 649.452 612.127
2 14 659.903 588.239
0 15 1510.41 363.295
1 15 1531.81 343.388
2 15 1558.68 313.528
0 16 304.57 418.038
1 16 295.612 403.108
2 16 292.627 379.22
0 17 498.062 587.642
1 17 494.479 573.309
2 17 498.062 551.81
0 18 1049.87 953.126
1 18 1067.79 945.96
2 18 1092.87 928.044
0 19 1010.46 924.461
1 19 1024.79 913.711
2 19 1049.87 895.795
0 20 1014.04 935.21
1 20 1028.37 924.461
2 20 1053.46 906.545
0 21 1512.1 361.901
1 21 1533.6 343.985
2 21 1562.27 311.737
0 22 259.781 886.837
1 22 257.989 881.463
2 22 272.322 867.13
0 23 1211.12 265.155
1 23 1221.86 243.656
2 23 1243.36 211.408
