43
0 0 1552 32
1 0 1542 39
2 0 1525 51
0 1 1504.8 46.8
1 1 1496.4 54
2 1 1479.6 66
0 2 1415.23 397.44
1 2 1408.32 410.4
2 2 1392.48 430.56
0 3 1509.12 73.44
1 3 1500.48 80.64
2 3 1484.64 92.16
0 4 1411.78 393.984
1 4 1404.86 407.808
2 4 1389.31 428.544
0 5 1500.48 72
1 5 1491.26 77.76
2 5 1475.71 88.128
0 6 1412.12 393.984
1 6 1405.9 410.573
2 6 1389.31 429.235
0 7 1356.13 723.687
1 7 1351.99 740.275
2 7 1339.55 761.011
0 8 1509.58 72.576
1 8 1501.29 80.8704
2 8 1484.7 91.2384
0 9 1511.65 68.4288
1 9 1503.36 74.6496
2 9 1486.77 87.0912
0 10 671.846 118.195
1 10 655.258 130.637
2 10 630.375 147.226
0 11 1551.74 670.464
1 11 1550.22 681.8
2 11 1536.54 700.877
0 12 1413.37 395.643
1 12 1405.9 410.573
2 12 1390.97 430.479
0 13 1552.71 669.358
1 13 1550.22 681.8
2 13 1537.78 699.218
0 14 1349.91 723.687
1 14 1346.18 739.031
2 14 1333.74 761.426
0 15 1356.13 724.101
1 15 1353.65 739.031
2 15 1341.2 761.426
0 16 1741.82 865.936
1 16 1741.82 883.354
2 16 1731.87 905.749
0 17 1552.71 669.358
1 17 1550.22 681.8
2 17 1537.78 694.241
0 18 746.496 124.416
1 18 734.055 139.346
2 18 709.171 154.276
0 19 661.893 114.463
1 19 646.963 126.904
2 19 619.592 141.834
0 20 1552.71 659.903
1 20 1549.73 671.847
2 20 1537.78 689.763
0 21 1552.71 668.861
1 21 1549.73 683.791
2 21 1537.78 698.72
0 22 1749.79 752.468
1 22 1749.29 766.403
2 22 1734.86 782.328
0 23 1770.69 862.95
1 23 1767.7 880.866
2 23 1758.74 901.767
0 24 662.889 113.467
1 24 644.973 125.411
2 24 618.099 143.327
0 25 1349.67 722.608
1 25 1346.68 737.538
2 25 1334.74 758.44
0 26 710.664 116.453
1 26 695.734 131.383
2 26 671.847 146.313
0 27 749.482 125.411
1 27 734.552 137.355
2 27 710.664 155.271
0 28 1716.94 856.978
1 28 1716.94 874.894
2 28 1705 895.795
0 29 1413.37 395.643
1 29 1405.9 410.573
2 29 1388.48 429.982
0 30 1204.35 236.39
1 30 1196.88 243.855
2 30 1182.45 256.795
0 31 788.3 226.935
1 31 773.37 241.865
2 31 752.468 259.781
0 32 1740.83 865.936
1 32 1740.83 883.852
2 32 1731.87 904.753
0 33 1358.03 723.803
1 33 1358.03 738.135
2 33 1343.69 759.635
0 34 1412.37 397.136
1 34 1404.61 412.066
2 34 1390.27 429.982
0 35 1350.86 720.22
1 35 1347.28 734.552
2 35 1336.53 756.051
0 36 1354.44 713.053
1 36 1350.86 727.386
2 36 1340.11 748.885
0 37 1343.69 730.969
1 37 1340.11 745.302
2 37 1329.36 766.801
0 38 1340.11 716.636
1 38 1336.53 734.552
2 38 1325.78 756.051
0 39 1712.76 863.547
1 39 1712.76 881.463
2 39 1702.01 902.962
0 40 1203.35 235.893
1 40 1197.38 241.865
2 40 1182.45 254.406
0 41 652.139 114.662
1 41 641.39 125.411
2 41 609.141 143.327
0 42 709.47 114.662
1 42 695.137 128.995
2 42 670.055 143.327
