30
0 0 63.6 964.8
1 0 116.4 943.2
2 0 163.2 926.4
0 1 690 436.8
1 1 735.6 427.2
2 1 778.8 421.2
0 2 63.36 335.52
1 2 116.64 321.12
2 2 166.8 312
0 3 73.44 995.04
1 3 125.28 973.44
2 3 171.36 956.16
0 4 63.36 335.52
1 4 116.64 321.12
2 4 165.6 311.04
0 5 696.384 428.544
1 5 743.04 419.904
2 5 786.24 412.992
0 6 72.576 995.328
1 6 124.416 972.864
2 6 171.072 955.584
0 7 568.167 761.011
1 7 611.712 750.643
2 7 651.456 741.312
0 8 76.7232 1003.62
1 8 128.563 980.813
2 8 174.182 964.224
0 9 72.576 995.328
1 9 124.416 974.592
2 9 170.035 955.93
0 10 690.509 435.456
1 10 736.128 425.088
2 10 781.747 418.867
0 11 298.598 694.656
1 11 340.9 681.8
2 11 385.69 669.773
0 12 691.753 435.456
1 12 736.543 425.503
2 12 781.333 418.038
0 13 534.989 482.734
1 13 582.267 470.293
2 13 627.057 462.828
0 14 544.942 497.664
1 14 592.22 485.223
2 14 637.01 477.758
0 15 539.966 487.711
1 15 587.244 477.758
2 15 632.033 470.293
0 16 554.896 758.938
1 16 597.197 746.496
2 16 639.498 739.031
0 17 298.598 694.241
1 17 340.9 681.8
2 17 385.69 669.358
0 18 276.204 353.342
1 18 325.97 340.9
2 18 373.248 330.947
0 19 540.463 489.702
1 19 585.253 477.758
2 19 630.043 471.786
0 20 546.435 495.673
1 20 591.225 486.716
2 20 636.015 477.758
0 21 516.575 158.257
1 21 567.337 149.299
2 21 612.127 140.341
0 22 555.725 758.938
1 22 597.197 746.496
2 22 636.015 740.524
0 23 274.711 352.346
1 23 325.472 340.402
2 23 370.262 331.444
0 24 537.477 468.8
1 24 585.253 456.856
2 24 630.043 450.884
0 25 552.407 758.44
1 25 597.197 746.496
2 25 634.223 738.135
0 26 544.644 494.479
1 26 591.225 483.73
2 26 637.806 476.563
0 27 1225.45 225.74
1 27 1279.2 218.574
2 27 1332.94 211.408
0 28 300.987 691.554
1 28 347.569 680.805
2 28 386.984 666.472
0 29 605.558 379.817
1 29 652.139 369.068
2 29 695.137 361.901
