58
0 0 512.4 459.6
1 0 546 454.8
2 0 579.6 452.4
0 1 393.6 795.6
1 1 421.92 787.68
2 1 454.8 782.4
0 2 513.6 450
1 2 546 445.2
2 2 582 442.8
0 3 358.56 518.4
1 3 391.68 511.2
2 3 426.24 508.32
0 4 1698.62 772.416
1 4 1736.64 782.784
2 4 1778.4 793.44
0 5 829.44 302.4
1 5 862.56 299.52
2 5 897.12 299.52
0 6 402.624 798.336
1 6 432 789.696
2 6 463.104 786.24
0 7 513.216 452.736
1 7 546.048 447.552
2 7 580.608 445.824
0 8 514.944 457.92
1 8 546.048 454.464
2 8 580.608 451.008
0 9 527.04 432
1 9 559.872 426.816
2 9 594.432 425.088
0 10 411.264 404.352
1 10 442.368 399.168
2 10 480.384 395.712
0 11 1698.62 772.416
1 11 1736.64 782.784
2 11 1778.11 793.152
0 12 528.768 433.382
1 12 559.872 427.162
2 12 595.123 425.088
0 13 402.278 798.336
1 13 433.382 790.042
2 13 464.486 785.895
0 14 391.91 796.263
1 14 420.941 787.968
2 14 452.045 783.821
0 15 400.205 534.989
1 15 433.382 528.768
2 15 468.634 524.621
0 16 364.954 528.768
1 16 398.131 522.547
2 16 433.382 518.4
0 17 514.253 458.266
1 17 545.357 454.118
2 17 580.608 452.045
0 18 520.474 452.045
1 18 551.578 447.898
2 18 586.829 445.824
0 19 72.576 393.984
1 19 111.974 385.69
2 19 151.373 379.469
0 20 70.5024 381.542
1 20 107.827 373.248
2 20 149.299 369.101
0 21 1036.8 236.39
1 21 1072.05 234.317
2 21 1107.3 234.317
0 22 410.573 404.352
1 22 442.368 399.168
2 22 479.002 396.058
0 23 1698.62 772.416
1 23 1736.85 783.821
2 23 1779.15 794.189
0 24 508.032 429.235
1 24 539.136 425.088
2 24 574.387 420.941
0 25 358.318 520.059
1 25 390.666 512.594
2 25 425.503 510.106
0 26 527.524 432.968
1 26 559.872 427.991
2 26 594.709 425.503
0 27 515.082 457.851
1 27 547.431 452.874
2 27 582.267 450.386
0 28 442.921 497.664
1 28 475.269 492.687
2 28 510.106 487.711
0 29 353.342 515.082
1 29 385.69 510.106
2 29 420.526 505.129
0 30 365.783 527.524
1 30 398.131 522.547
2 30 432.968 517.571
0 31 1035.14 233.902
1 31 1072.47 233.902
2 31 1107.3 233.902
0 32 1699.52 771.379
1 32 1737.84 781.134
2 32 1779.15 793.774
0 33 403.108 798.751
1 33 432.968 791.286
2 33 465.316 786.309
0 34 400.62 534.989
1 34 432.968 527.524
2 34 467.804 525.036
0 35 410.573 405.596
1 35 442.921 400.62
2 35 480.246 395.643
0 36 507.617 427.991
1 36 539.966 423.014
2 36 574.802 420.526
0 37 319.5 185.131
1 37 355.332 179.159
2 37 394.15 176.173
0 38 268.739 883.852
1 38 298.598 874.894
2 38 331.444 868.922
0 39 116.453 746.496
1 39 146.313 737.538
2 39 188.117 728.58
0 40 364.29 528.519
1 40 397.136 522.547
2 40 432.968 516.575
0 41 358.318 519.561
1 41 391.164 513.589
2 41 426.996 510.603
0 42 1036.14 232.907
1 42 1071.97 232.907
2 42 1107.8 232.907
0 43 352.346 516.575
1 43 385.192 510.603
2 43 421.024 504.631
0 44 1699.52 771.379
1 44 1737.84 781.134
2 44 1779.65 794.272
0 45 528.519 432.968
1 45 558.379 426.996
2 45 594.211 424.01
0 46 441.926 432.968
1 46 474.772 426.996
2 46 510.603 424.01
0 47 440.731 494.479
1 47 472.98 490.896
2 47 508.812 487.313
0 48 318.903 182.742
1 48 358.318 179.159
2 48 394.15 175.576
0 49 1035.54 232.907
1 49 1071.97 232.907
2 49 1107.2 232.907
0 50 358.318 519.561
1 50 390.567 512.395
2 50 426.399 508.812
0 51 365.485 526.728
1 51 397.733 519.561
2 51 433.565 515.978
0 52 415.649 404.9
1 52 444.315 397.733
2 52 483.73 394.15
0 53 444.315 433.565
1 53 476.563 426.399
2 53 508.812 422.815
0 54 526.728 429.982
1 54 558.976 426.399
2 54 594.808 422.815
0 55 1699.52 771.379
1 55 1737.84 781.134
2 55 1780.84 791.883
0 56 440.731 422.815
1 56 472.98 419.232
2 56 508.812 415.649
0 57 354.735 551.81
1 57 386.984 544.644
2 57 422.815 541.06
