25
0 0 1298.88 449.28
1 0 1300.32 430.56
2 0 1300.32 432
0 1 1522.37 506.304
1 1 1529.28 492.48
2 1 1539.65 495.936
0 2 1329.12 1005.12
1 2 1320.19 997.056
2 2 1315.01 1007.42
0 3 1235.52 430.272
1 3 1235.52 409.536
2 3 1232.06 409.536
0 4 1532.39 499.738
1 4 1540.69 485.222
2 4 1551.05 489.37
0 5 1335.4 435.456
1 5 1337.47 416.794
2 5 1339.55 416.794
0 6 1142.55 746.496
1 6 1130.11 732.672
2 6 1117.67 738.202
0 7 1304.64 457.92
1 7 1304.29 439.603
2 7 1306.37 441.677
0 8 1316.32 418.038
1 8 1316.32 400.62
2 8 1318.81 400.62
0 9 1333.74 435.456
1 9 1336.23 415.55
2 9 1338.72 418.038
0 10 1301.39 447.898
1 10 1301.39 430.479
2 10 1303.88 430.479
0 11 1303.88 457.851
1 11 1306.37 440.433
2 11 1306.37 440.433
0 12 1555.2 517.571
1 12 1565.15 502.641
2 12 1575.11 507.617
0 13 1304.88 468.8
1 13 1307.86 453.87
2 13 1307.86 453.87
0 14 1313.83 418.038
1 14 1316.82 400.122
2 14 1319.81 400.122
0 15 1313.83 425.503
1 15 1313.83 406.094
2 15 1316.82 406.094
0 16 1331.75 432.968
1 16 1334.74 415.052
2 16 1337.72 415.052
0 17 1182.45 763.218
1 17 1168.12 752.468
2 17 1160.95 756.051
0 18 1551.52 505.229
1 18 1558.68 490.896
2 18 1569.43 494.479
0 19 1313.83 426.996
1 19 1315.03 404.9
2 19 1315.03 404.9
0 20 546.435 889.823
1 20 519.561 877.88
2 20 487.313 892.212
0 21 1331.75 432.968
1 21 1332.94 412.066
2 21 1336.53 415.649
0 22 1300.7 458.647
1 22 1304.28 440.731
2 22 1304.28 440.731
0 23 584.059 716.636
1 23 558.976 698.72
2 23 533.894 698.72
0 24 756.051 558.976
1 24 730.969 537.477
2 24 705.887 537.477
