101
0 0 874 653
1 0 871 652
2 0 869 653
0 1 864 641
1 1 861 641
2 1 859 642
0 2 865 638
1 2 862 637
2 2 860 638
0 3 866 687
1 3 863 686
2 3 861 687
0 4 878 692
1 4 875 691
2 4 873 692
0 5 791 1006
1 5 789 1005
2 5 787 1006
0 6 868 771
1 6 865 770
2 6 863 771
0 7 675 930
1 7 673 929
2 7 671 930
0 8 657 929
1 8 655 928
2 8 653 929
0 9 865 439
1 9 862 439
2 9 860 440
0 10 718 902
1 10 716 901
2 10 714 902
0 11 794.4 979.2
1 11 792 978
2 11 790.8 979.2
0 12 718.8 904.8
1 12 716.4 903.6
2 12 714 904.8
0 13 865.2 439.2
1 13 861.6 439.2
2 13 860.4 440.4
0 14 876 636
1 14 873.6 636
2 14 871.2 636
0 15 876 639.6
1 15 873.6 639.6
2 15 871.2 639.6
0 16 865.2 637.2
1 16 861.6 637.2
2 16 859.2 638.4
0 17 718.8 908.4
1 17 716.4 907.2
2 17 714 908.4
0 18 864 640.8
1 18 861.6 640.8
2 18 859.2 642
0 19 774.72 643.68
1 19 771.84 642.24
2 19 769.2 644.4
0 20 794.4 982.8
1 20 790.8 981.6
2 20 789.6 982.8
0 21 722.4 994.8
1 21 720 993.6
2 21 717.6 994.8
0 22 877.2 691.2
1 22 874.8 691.2
2 22 872.4 691.2
0 23 673.2 926.4
1 23 670.8 925.2
2 23 668.4 926.4
0 24 551.52 724.32
1 24 548.64 724.32
2 24 547.2 724.32
0 25 573.12 717.12
1 25 571.68 717.12
2 25 568.8 718.56
0 26 876.96 717.12
1 26 874.08 715.68
2 26 872.64 717.12
0 27 877.133 779.674
1 27 775.872 706.752
2 27 773.28 708.48
0 28 570.24 836.64
1 28 567.36 835.2
2 28 565.92 836.64
0 29 718.56 904.32
1 29 715.68 904.32
2 29 714.24 904.32
0 30 865.44 439.2
1 30 862.56 439.2
2 30 859.68 440.64
0 31 793.44 1000.8
1 31 790.56 999.36
2 31 789.12 1000.8
0 32 717.12 901.44
1 32 714.24 900
2 32 712.8 901.44
0 33 793.44 982.08
1 33 790.56 982.08
2 33 789.12 982.08
0 34 797.76 1006.56
1 34 794.88 1005.12
2 34 793.44 1006.56
0 35 222.912 812.16
1 35 220.32 810.72
2 35 218.88 812.16
0 36 793.152 1007.42
1 36 789.696 1005.7
2 36 787.968 1007.42
0 37 800.064 1021.25
1 37 796.608 1019.52
2 37 794.88 1021.25
0 38 772.416 703.296
1 38 768.96 701.568
2 38 767.232 703.296
0 39 876.096 689.472
1 39 874.368 689.472
2 39 870.912 689.472
0 40 867.456 689.472
1 40 864 689.472
2 40 862.272 689.472
0 41 777.6 707.098
1 41 694.656 682.56
2 41 692.928 682.56
0 42 717.12 900.288
1 42 713.664 900.288
2 42 711.936 900.288
0 43 794.88 1000.51
1 43 791.424 1000.51
2 43 789.696 1000.51
0 44 551.232 724.032
1 44 547.776 724.032
2 44 546.048 724.032
0 45 793.152 983.232
1 45 791.424 981.504
2 45 789.696 983.232
0 46 869.184 772.416
1 46 865.728 772.416
2 46 864 772.416
0 47 222.912 808.704
1 47 220.32 810.72
2 47 217.728 812.16
0 48 773.453 640.742
1 48 771.379 640.742
2 48 768.96 642.816
0 49 574.387 717.466
1 49 572.314 717.466
2 49 570.24 717.466
0 50 868.424 773.868
1 50 866.765 773.453
2 50 864.691 773.453
0 51 778.844 706.683
1 51 775.526 707.098
2 51 773.453 707.098
0 52 868.424 773.868
1 52 769.306 702.951
2 52 767.232 705.024
0 53 866.765 690.509
1 53 864.691 690.509
2 53 862.618 690.509
0 54 877.133 779.674
1 54 875.059 777.6
2 54 872.986 779.674
0 55 872.986 640.742
1 55 870.912 640.742
2 55 868.839 640.742
0 56 794.189 1007.77
1 56 790.042 1005.7
2 56 787.968 1007.77
0 57 690.509 684.288
1 57 688.435 684.288
2 57 686.362 686.362
0 58 578.534 798.336
1 58 576.461 798.336
2 58 574.387 798.336
0 59 590.976 864.691
1 59 588.902 862.618
2 59 586.829 864.691
0 60 549.504 723.687
1 60 547.43 723.687
2 60 545.357 725.76
0 61 692.583 970.445
1 61 690.509 968.371
2 61 688.435 970.445
0 62 709.171 912.384
1 62 707.098 910.311
2 62 705.024 912.384
0 63 794.189 1001.55
1 63 792.115 1001.55
2 63 790.042 1001.55
0 64 223.949 808.704
1 64 221.875 808.704
2 64 219.802 810.778
0 65 543.283 808.704
1 65 541.21 808.704
2 65 539.136 808.704
0 66 570.24 889.575
1 66 568.167 889.575
2 66 566.093 889.575
0 67 773.453 640.742
1 67 771.379 640.742
2 67 769.306 642.816
0 68 674.335 950.538
1 68 671.847 950.538
2 68 669.358 950.538
0 69 589.732 863.447
1 69 587.244 863.447
2 69 584.755 863.447
0 70 878.377 778.844
1 70 874.894 779.342
2 70 873.401 778.844
0 71 574.802 716.636
1 71 572.314 716.636
2 71 569.825 716.636
0 72 875.889 714.148
1 72 873.401 714.148
2 72 870.912 714.148
0 73 592.22 711.66
1 73 589.732 711.66
2 73 587.244 714.148
0 74 778.844 706.683
1 74 776.356 706.683
2 74 773.868 706.683
0 75 773.868 704.195
1 75 770.384 704.692
2 75 768.891 704.195
0 76 609.639 880.865
1 76 607.15 880.865
2 76 604.662 880.865
0 77 868.922 776.356
1 77 689.265 684.288
2 77 686.776 686.776
0 78 696.73 684.288
1 78 694.241 684.288
2 78 691.753 684.288
0 79 865.936 641.987
1 79 863.447 641.987
2 79 860.959 641.987
0 80 582.267 851.006
1 80 579.779 851.006
2 80 577.29 851.006
0 81 567.337 836.076
1 81 564.849 836.076
2 81 562.36 836.076
0 82 549.919 724.101
1 82 547.431 724.101
2 82 544.942 724.101
0 83 671.847 925.655
1 83 669.358 925.655
2 83 666.87 925.655
0 84 579.779 798.751
1 84 577.29 796.263
2 84 574.802 798.751
0 85 549.421 725.594
1 85 546.435 725.594
2 85 543.449 725.594
0 86 868.922 692.748
1 86 865.936 692.748
2 86 862.95 692.748
0 87 588.239 865.936
1 87 585.253 865.936
2 87 582.267 865.936
0 88 868.922 668.861
1 88 865.936 668.861
2 88 862.95 668.861
0 89 773.868 704.195
1 89 770.384 704.692
2 89 767.398 704.692
0 90 778.844 706.683
1 90 776.356 706.683
2 90 871.908 779.342
0 91 870.713 773.967
1 91 867.13 773.967
2 91 865.936 776.356
0 92 689.763 970.445
1 92 686.776 970.445
2 92 686.776 970.445
0 93 223.949 808.704
1 93 222.157 806.216
2 93 220.963 809.202
0 94 871.908 441.926
1 94 868.922 441.926
2 94 865.936 441.926
0 95 619.89 895.795
1 95 616.307 895.795
2 95 616.307 895.795
0 96 587.642 863.547
1 96 587.642 863.547
2 96 584.059 863.547
0 97 874.296 630.64
1 97 870.713 630.64
2 97 867.13 630.64
0 98 223.949 809.202
1 98 220.963 809.202
2 98 218.574 809.799
0 99 562.56 834.881
1 99 562.56 834.881
2 99 558.976 834.881
0 100 670.055 924.461
1 100 670.055 924.461
2 100 666.472 924.461
