31
0 0 1412.4 685.2
1 0 1394.4 694.8
2 0 1375.2 702
0 1 1880.4 144
1 1 1868.4 144
2 1 1856.4 138
0 2 1502.95 380.713
1 2 1482.62 387.072
2 2 1461.6 390.24
0 3 979.776 504.576
1 3 955.93 514.253
2 3 931.68 521.28
0 4 1162.94 952.128
1 4 1135.3 972.864
2 4 1109.38 991.872
0 5 1550.88 159.84
1 5 1541.38 157.248
2 5 1527.55 153.792
0 6 1502.95 380.713
1 6 1483.04 388.178
2 6 1461.89 390.528
0 7 978.739 505.958
1 7 955.93 514.253
2 7 931.392 521.856
0 8 740.275 978.739
1 8 705.024 1002.24
2 8 670.464 1024.7
0 9 981.504 186.624
1 9 953.856 188.352
2 9 922.752 193.536
0 10 1416.27 671.846
1 10 1397.61 682.214
2 10 1378.94 688.435
0 11 1501.95 382.206
1 11 1483.04 388.178
2 11 1461.89 391.91
0 12 1163.29 941.415
1 12 1139.65 960.492
2 12 1111.45 980.813
0 13 972.933 236.39
1 13 945.562 238.879
2 13 915.702 243.855
0 14 1164.53 940.585
1 14 1139.65 960.492
2 14 1112.28 980.398
0 15 1552.71 139.346
1 15 1542.76 139.346
2 15 1527.83 134.369
0 16 1779.15 798.751
1 16 1761.73 811.193
2 16 1746.8 818.657
0 17 1501.95 382.206
1 17 1481.05 388.178
2 17 1460.64 393.155
0 18 915.702 109.486
1 18 888.33 109.486
2 18 858.471 111.974
0 19 1591.49 648
1 19 1575.94 656.64
2 19 1560.18 661.893
0 20 1413.37 671.847
1 20 1395.95 681.8
2 20 1376.04 689.265
0 21 1164.53 940.585
1 21 1137.66 961.487
2 21 1113.77 979.403
0 22 1412.37 671.847
1 22 1391.47 680.805
2 22 1373.55 686.776
0 23 1421.33 671.847
1 23 1401.02 680.805
2 23 1382.51 689.763
0 24 1592.53 646.963
1 24 1575.94 655.258
2 24 1561.67 659.903
0 25 1501.95 382.206
1 25 1481.05 388.178
2 25 1460.15 394.15
0 26 1779.65 800.244
1 26 1761.73 812.188
2 26 1746.8 821.146
0 27 1501.95 382.206
1 27 1481.05 388.178
2 27 1458.35 394.15
0 28 1408.19 670.055
1 28 1390.27 677.221
2 28 1372.36 684.388
0 29 1421.33 671.847
1 29 1401.02 680.805
2 29 1383.11 687.971
0 30 981.792 204.241
1 30 956.71 207.825
2 30 924.461 211.408
