39
0 0 870 540
1 0 884.4 577.2
2 0 895.2 608.4
0 1 276.48 336.96
1 1 290.304 371.52
2 1 298.944 400.896
0 2 825.984 497.664
1 2 841.536 533.952
2 2 851.904 565.056
0 3 720.576 492.48
1 3 734.4 528.768
2 3 744.768 558.144
0 4 1442.88 452.16
1 4 1463.62 492.48
2 4 1480.9 523.584
0 5 713.318 792.115
1 5 723.687 829.44
2 5 732.672 864
0 6 217.728 787.968
1 6 228.096 824.256
2 6 233.28 860.544
0 7 316.224 523.584
1 7 326.592 556.416
2 7 333.504 587.52
0 8 727.488 489.024
1 8 741.312 525.312
2 8 749.952 554.688
0 9 203.213 771.379
1 9 213.581 806.63
2 9 217.728 843.955
0 10 721.613 491.443
1 10 734.055 528.768
2 10 744.422 557.798
0 11 1441.15 854.323
1 11 1466.04 899.943
2 11 1486.77 939.341
0 12 642.816 499.738
1 12 655.258 534.989
2 12 665.626 566.093
0 13 201.554 773.868
1 13 211.507 808.704
2 13 216.484 846.029
0 14 1441.15 854.323
1 14 1466.04 899.943
2 14 1488.02 938.097
0 15 1614.92 803.728
1 15 1642.29 851.006
2 15 1664.69 885.842
0 16 1438.25 843.541
1 16 1463.13 890.819
2 16 1483.04 928.144
0 17 836.076 537.477
1 17 851.006 574.802
2 17 860.959 604.662
0 18 1478.06 860.959
1 18 1502.95 908.237
2 18 1525.34 945.562
0 19 870.912 539.966
1 19 885.842 577.29
2 19 895.795 609.639
0 20 1445.71 450.386
1 20 1465.62 492.687
2 20 1483.04 522.547
0 21 1478.06 859.964
1 21 1501.95 907.739
2 21 1522.85 946.557
0 22 1454.17 859.964
1 22 1478.06 907.739
2 22 1498.96 943.571
0 23 1439.24 853.992
1 23 1463.13 901.767
2 23 1484.03 940.585
0 24 1615.42 803.23
1 24 1642.29 851.006
2 24 1663.19 886.837
0 25 615.113 492.688
1 25 630.043 528.519
2 25 639.001 558.379
0 26 836.076 537.477
1 26 848.02 573.309
2 26 859.964 606.155
0 27 711.66 791.286
1 27 722.608 830.104
2 27 731.566 862.95
0 28 214.991 785.314
1 28 223.949 821.146
2 28 229.921 859.964
0 29 204.042 758.938
1 29 212.005 794.272
2 29 217.977 830.104
0 30 1476.27 856.38
1 30 1501.35 906.545
2 30 1522.85 942.377
0 31 1454.77 859.964
1 31 1479.85 906.545
2 31 1501.35 942.377
0 32 214.991 784.717
1 32 225.74 820.549
2 32 229.324 856.38
0 33 834.881 533.894
1 33 849.214 573.309
2 33 859.964 601.975
0 34 279.488 336.819
1 34 293.821 369.068
2 34 300.987 401.316
0 35 1100.04 594.808
1 35 1117.95 634.223
2 35 1132.29 666.472
0 36 197.075 777.55
1 36 207.825 813.382
2 36 211.408 849.214
0 37 630.64 433.565
1 37 644.973 469.397
2 37 655.722 501.645
0 38 247.24 784.717
1 38 257.989 820.549
2 38 261.572 859.964
