63
0 0 1273 53
1 0 1251 48
2 0 1221 47
0 1 1358.4 66
1 1 1336.8 60
2 1 1308 58.8
0 2 1737.6 82.8
1 2 1714.8 72
2 2 1684.8 70.8
0 3 1298.4 54
1 3 1275.6 49.2
2 3 1246.8 48
0 4 1365.6 58.8
1 4 1342.8 52.8
2 4 1314 50.4
0 5 1704 80.4
1 5 1682.4 70.8
2 5 1652.4 69.6
0 6 1686 80.4
1 6 1664.4 70.8
2 6 1634.4 69.6
0 7 1387.2 67.2
1 7 1364.4 61.2
2 7 1335.6 60
0 8 1352.4 56.4
1 8 1329.6 51.6
2 8 1300.8 49.2
0 9 1304.4 63.6
1 9 1282.8 58.8
2 9 1252.8 57.6
0 10 1240.8 510
1 10 1220.4 516
2 10 1189.2 524.4
0 11 1235 507
1 11 1213.92 512.64
2 11 1183.68 521.28
0 12 1271.52 53.28
1 12 1248.48 48.96
2 12 1219.68 46.08
0 13 1334.88 60.48
1 13 1313.28 54.72
2 13 1284.48 53.28
0 14 1326.24 69.12
1 14 1304.64 63.36
2 14 1275.84 61.92
0 15 1486.08 70.56
1 15 1464.48 63.36
2 15 1435.68 61.92
0 16 1703.52 80.64
1 16 1748.16 72
2 16 1651.68 69.12
0 17 1365.12 57.6
1 17 1343.52 51.84
2 17 1314.72 50.4
0 18 1392.48 59.04
1 18 1370.88 53.28
2 18 1342.08 51.84
0 19 1476 63.36
1 19 1454.4 56.16
2 19 1425.6 54.72
0 20 1245.6 51.84
1 20 1224 47.52
2 20 1193.76 46.08
0 21 1297.44 54.72
1 21 1274.4 48.96
2 21 1245.6 47.52
0 22 1687.68 72
1 22 1666.08 61.92
2 22 1635.84 60.48
0 23 1703.52 80.64
1 23 1748.16 72
2 23 1717.92 70.56
0 24 1519.2 64.8
1 24 1497.6 56.16
2 24 1468.8 54.72
0 25 1378.08 57.6
1 25 1329.12 50.4
2 25 1300.32 48.96
0 26 1484.35 70.848
1 26 1463.62 63.936
2 26 1434.24 62.208
0 27 1327.1 67.392
1 27 1304.64 62.208
2 27 1276.99 60.48
0 28 1327.1 72.576
1 28 1304.64 67.392
2 28 1275.26 65.664
0 29 1325.38 76.032
1 29 1302.91 70.848
2 29 1273.54 69.12
0 30 1536.19 69.12
1 30 1515.46 62.208
2 30 1486.08 60.48
0 31 1838.59 76.032
1 31 1816.13 65.664
2 31 1785.02 63.936
0 32 1531.01 72.576
1 32 1510.27 65.664
2 32 1480.9 63.936
0 33 1838.59 76.032
1 33 1781.57 63.936
2 33 1750.46 62.208
0 34 1477.44 62.208
1 34 1454.98 55.296
2 34 1427.33 53.568
0 35 1235.52 508.032
1 35 1215.13 514.253
2 35 1184.03 522.547
0 36 1221.35 848.103
1 36 1206.84 856.397
2 36 1177.8 866.765
0 37 1816.47 457.851
1 37 1799.06 447.898
2 37 1769.2 447.898
0 38 1236.7 507.617
1 38 1215.13 514.253
2 38 1184.44 522.547
0 39 627.057 728.58
1 39 603.169 746.496
2 39 564.849 758.938
0 40 1221.77 848.517
1 40 1206.84 856.397
2 40 1179.46 865.936
0 41 1022.7 106.998
1 41 997.817 106.998
2 41 967.957 106.998
0 42 1606.46 964.473
1 42 1594.52 967.459
2 42 1567.64 976.417
0 43 639.498 714.148
1 43 617.104 731.566
2 43 576.295 746.496
0 44 627.057 728.58
1 44 604.662 744.008
2 44 564.351 761.426
0 45 1418.34 758.44
1 45 1403.41 761.426
2 45 1376.54 767.398
0 46 1623.18 831.298
1 46 1612.43 833.09
2 46 1582.57 839.062
0 47 1206.34 848.02
1 47 1191.41 856.978
2 47 1161.55 865.936
0 48 1214.7 845.631
1 48 1200.37 852.797
2 48 1170.51 865.936
0 49 1018.22 95.5515
1 49 994.333 95.5515
2 49 964.473 95.5515
0 50 1022.7 106.998
1 50 997.319 107.495
2 50 967.459 107.495
0 51 1418.34 752.468
1 51 1403.41 755.454
2 51 1376.54 761.426
0 52 1033.15 298.598
1 52 1012.25 298.598
2 52 982.389 301.584
0 53 1221.86 849.214
1 53 1207.53 856.38
2 53 1178.87 867.13
0 54 1203.95 845.631
1 54 1189.62 852.797
2 54 1160.95 863.547
0 55 1214.7 845.631
1 55 1200.37 852.797
2 55 1171.7 859.964
0 56 1623.18 831.298
1 56 1612.43 831.298
2 56 1583.77 838.465
0 57 627.057 728.58
1 57 601.975 745.302
2 57 562.56 759.635
0 58 641.39 713.053
1 58 616.307 730.969
2 58 576.892 745.302
0 59 1233.21 510.603
1 59 1214.7 515.978
2 59 1182.45 523.145
0 60 1033.15 298.598
1 60 1012.25 298.598
2 60 981.792 300.987
0 61 369.068 257.989
1 61 329.653 272.322
2 61 279.488 279.488
0 62 361.901 257.989
1 62 322.486 272.322
2 62 268.739 283.071
