23
0 0 473.472 179.712
1 0 513.216 190.08
2 0 549.504 202.176
0 1 587.244 853.494
1 1 630.375 868.839
2 1 667.699 897.869
0 2 582.682 213.581
1 2 624.154 223.949
2 2 659.405 238.464
0 3 380.713 134.369
1 3 423.014 141.834
2 3 457.851 154.276
0 4 1113.77 456.856
1 4 1161.55 468.8
2 4 1206.84 490.199
0 5 273.715 761.426
1 5 316.017 771.379
2 5 345.877 793.774
0 6 1276.51 400.62
1 6 1323.79 413.061
2 6 1368.58 432.968
0 7 382.206 426.996
1 7 424.01 435.954
2 7 457.851 447.898
0 8 573.309 691.554
1 8 619.89 702.304
2 8 659.903 722.608
0 9 591.225 892.809
1 9 633.029 904.753
2 9 668.861 934.613
0 10 1113.77 456.856
1 10 1161.55 468.8
2 10 1206.34 489.702
0 11 289.641 618.099
1 11 331.444 624.071
2 11 361.304 641.987
0 12 379.22 134.369
1 12 421.024 143.327
2 12 456.856 155.271
0 13 1110.79 447.898
1 13 1158.56 459.842
2 13 1203.35 480.744
0 14 495.673 665.875
1 14 537.477 674.833
2 14 567.337 695.734
0 15 587.244 853.494
1 15 630.043 865.936
2 15 665.875 892.809
0 16 290.238 616.307
1 16 329.653 623.474
2 16 361.901 641.39
0 17 544.644 920.878
1 17 587.642 935.21
2 17 623.474 963.876
0 18 591.225 888.629
1 18 634.223 902.962
2 18 670.055 931.627
0 19 584.059 845.631
1 19 627.057 859.964
2 19 662.889 888.629
0 20 1114.37 455.064
1 20 1164.53 469.397
2 20 1207.53 490.896
0 21 272.322 759.635
1 21 315.32 770.384
2 21 343.985 791.883
0 22 494.479 666.472
1 22 537.477 673.638
2 22 566.143 695.137
