23
0 0 1173.6 636
1 0 1165.2 620.4
2 0 1162.8 612
0 1 1190.4 662.4
1 1 1183.2 648
2 1 1180.8 638.4
0 2 992.4 144
1 2 988.8 141.6
2 2 988.8 141.6
0 3 1173.31 634.176
1 3 1164.67 620.352
2 3 1162.94 611.712
0 4 790.042 134.784
1 4 793.774 134.369
2 4 796.263 136.858
0 5 1173.66 634.522
1 5 1165.36 620.006
2 5 1163.29 611.712
0 6 1538.61 935.194
1 6 1528.24 906.163
2 6 1526.17 887.501
0 7 1638.14 147.226
1 7 1615.33 136.858
2 7 1600.82 128.563
0 8 725.76 655.258
1 8 727.834 642.816
2 8 736.128 638.669
0 9 1022.7 841.052
1 9 1026.43 823.219
2 9 1034.73 812.851
0 10 1191.91 664.382
1 10 1184.44 649.452
2 10 1181.95 639.498
0 11 788.798 134.369
1 11 793.774 134.369
2 11 796.263 136.858
0 12 1632.34 149.299
1 12 1607.46 139.346
2 12 1595.01 131.881
0 13 1564.66 259.781
1 13 1547.74 248.832
2 13 1531.81 238.879
0 14 758.44 128.397
1 14 761.426 128.397
2 14 767.398 131.383
0 15 1481.05 952.529
1 15 1472.09 925.655
2 15 1472.09 904.753
0 16 788.3 134.369
1 16 791.286 134.369
2 16 794.272 137.355
0 17 1206.34 791.286
1 17 1203.35 773.37
2 17 1203.35 761.426
0 18 1254.11 677.819
1 18 1248.14 662.889
2 18 1248.14 653.931
0 19 1257.1 659.903
1 19 1251.13 644.973
2 19 1251.13 636.015
0 20 1254.11 677.221
1 20 1246.95 662.889
2 20 1246.95 652.139
0 21 1214.7 770.384
1 21 1211.12 752.468
2 21 1211.12 741.719
0 22 1206.34 791.286
1 22 1203.35 773.37
2 22 1203.95 759.635
