45
0 0 1698 639
1 0 1747.2 649.2
2 0 1797 663
0 1 1680 733.2
1 1 1728 744
2 1 1774 759
0 2 1698 639
1 2 1747.2 649.2
2 2 1797.6 663.6
0 3 1419.84 665.28
1 3 1456.7 670.464
2 3 1494 675.6
0 4 1059.26 668.736
1 4 1092.79 671.846
2 4 1120.8 675.6
0 5 1679.04 732.96
1 5 1729.44 745.92
2 5 1775.52 760.32
0 6 1690.56 741.6
1 6 1739.52 753.12
2 6 1787.04 768.96
0 7 1533.6 937.44
1 7 1575.36 948.96
2 7 1612.8 961.92
0 8 1419.84 665.28
1 8 1456.7 670.464
2 8 1493.28 676.8
0 9 1058.4 668.16
1 9 1091 672
2 9 1120.32 675.36
0 10 1690.56 741.6
1 10 1739.75 754.791
2 10 1786.75 768.96
0 11 1679.62 732.672
1 11 1729.73 746.496
2 11 1776.38 760.32
0 12 1418.69 665.28
1 12 1456.7 670.464
2 12 1492.99 675.648
0 13 1059.26 668.736
1 13 1092.79 671.846
2 13 1121.47 675.648
0 14 1425.6 858.816
1 14 1465.34 867.456
2 14 1499.9 877.824
0 15 399.168 233.28
1 15 432 233.28
2 15 464.832 233.28
0 16 1643.33 940.032
1 16 1689.98 953.856
2 16 1731.46 969.408
0 17 1689.98 742.349
1 17 1739.75 754.791
2 17 1787.44 769.306
0 18 1424.56 870.912
1 18 1461.89 879.207
2 18 1497.14 889.575
0 19 1418.69 665.28
1 19 1457.74 669.773
2 19 1492.99 675.994
0 20 1057.54 671.846
1 20 1092.79 671.846
2 20 1121.82 675.994
0 21 1715.9 637.632
1 21 1767.74 648
2 21 1818.55 661.479
0 22 1057.04 671.847
1 22 1092.87 670.055
2 22 1119.74 676.823
0 23 1689.98 742.349
1 23 1739.34 753.961
2 23 1786.61 768.891
0 24 1699.52 641.987
1 24 1749.29 651.94
2 24 1799.06 664.382
0 25 1418.34 664.382
1 25 1457.74 669.773
2 25 1492.99 676.823
0 26 1497.97 664.382
1 26 1540.27 669.358
2 26 1580.08 674.335
0 27 400.122 229.921
1 27 429.982 229.324
2 27 465.814 229.921
0 28 197.075 265.753
1 28 232.907 265.753
2 28 265.753 265.753
0 29 1689.57 741.52
1 29 1740.1 753.408
2 29 1785.62 770.384
0 30 1681.11 737.538
1 30 1731.87 746.496
2 30 1776.66 764.412
0 31 1552.71 940.585
1 31 1594.52 952.529
2 31 1633.33 964.473
0 32 1699.52 641.987
1 32 1749.29 651.94
2 32 1797.56 665.875
0 33 1713.96 641.987
1 33 1764.72 653.931
2 33 1815.48 668.861
0 34 1472.09 665.875
1 34 1513.89 668.861
2 34 1552.71 674.833
0 35 1495.98 665.875
1 35 1537.78 668.861
2 35 1579.59 674.833
0 36 1057.04 670.055
1 36 1092.37 671.847
2 36 1119.74 677.819
0 37 1415.36 665.875
1 37 1457.74 669.773
2 37 1492.99 677.819
0 38 1694.55 654.428
1 38 1743.82 665.875
2 38 1791.59 680.805
0 39 1551.52 938.794
1 39 1594.52 949.543
2 39 1633.93 963.876
0 40 197.075 265.155
1 40 232.907 265.155
2 40 265.155 265.155
0 41 1057.04 670.055
1 41 1092.87 670.055
2 41 1121.54 673.638
0 42 1687.08 740.524
1 42 1737.84 752.468
2 42 1784.42 766.801
0 43 1681.11 737.538
1 43 1731.87 749.482
2 43 1777.26 763.218
0 44 1415.36 665.875
1 44 1454.77 670.055
2 44 1490.6 673.638
