25
0 0 1236 844.8
1 0 1233.6 878.4
2 0 1239.6 912
0 1 1787.04 120.96
1 1 1812.96 128.16
2 1 1864.8 133.92
0 2 1560.38 566.784
1 2 1575.94 588.902
2 2 1602.72 613.44
0 3 1413.5 592.704
1 3 1422.49 615.859
2 3 1442.88 639.36
0 4 1560.38 566.784
1 4 1575.11 589.732
2 4 1601.86 613.44
0 5 1480.32 315.36
1 5 1490.4 334.08
2 5 1517.18 352.512
0 6 906.163 76.7232
1 6 904.09 87.0912
2 6 916.531 93.312
0 7 1480.55 315.187
1 7 1490.92 333.85
2 7 1517.88 352.512
0 8 819.072 864
1 8 804.557 895.795
2 8 800.41 922.752
0 9 1480.55 315.187
1 9 1490.92 333.85
2 9 1517.88 353.342
0 10 1490.5 126.904
1 10 1507.92 134.369
2 10 1547.74 139.346
0 11 1561.67 567.337
1 11 1576.6 588.239
2 11 1602.48 612.127
0 12 1415.85 592.22
1 12 1423.32 617.104
2 12 1445.71 639.498
0 13 1234.21 256.297
1 13 1246.95 265.155
2 13 1274.02 273.715
0 14 838.08 862.272
1 14 827.367 893.722
2 14 826.122 920.679
0 15 906.163 76.7232
1 15 903.26 87.0912
2 15 915.702 94.5562
0 16 997.319 447.898
1 16 997.817 462.828
2 16 1009.26 477.758
0 17 1189.42 811.193
1 17 1186.93 843.541
2 17 1191.41 874.894
0 18 1405.9 597.197
1 18 1412.37 621.085
2 18 1433.27 644.973
0 19 1188.42 827.118
1 19 1185.44 859.964
2 19 1191.41 892.809
0 20 1743.82 588.239
1 20 1761.73 615.113
2 20 1797.56 641.987
0 21 1234.21 256.297
1 21 1246.95 265.155
2 21 1275.02 271.725
0 22 1737.84 689.763
1 22 1755.76 720.22
2 22 1788.01 752.468
0 23 1203.95 834.881
1 23 1200.37 867.13
2 23 1207.53 899.379
0 24 1236.2 250.823
1 24 1246.95 265.155
2 24 1275.61 268.739
