57
0 0 945 681
1 0 962 682
2 0 980 683
0 1 945.6 768
1 1 962 769
2 1 979.2 770.4
0 2 646.8 696
1 2 662.4 693.6
2 2 679.2 692.4
0 3 944.4 705.6
1 3 961.2 708
2 3 979.2 708
0 4 862.8 962.4
1 4 878.4 961.2
2 4 894 960
0 5 864 958.8
1 5 878.4 957.6
2 5 895.2 956.4
0 6 945.216 768.96
1 6 961.92 770.4
2 6 979.2 770.4
0 7 954.72 712.8
1 7 972 714.24
2 7 989.28 715.68
0 8 852.48 701.28
1 8 868.32 701.28
2 8 885.6 701.28
0 9 954.72 686.88
1 9 972 688.32
2 9 989.28 689.76
0 10 786.24 884.16
1 10 800.64 882.72
2 10 816.48 881.28
0 11 302.4 777.6
1 11 319.68 775.872
2 11 335.52 771.84
0 12 784.512 879.552
1 12 800.064 877.824
2 12 815.616 876.096
0 13 661.824 841.536
1 13 677.376 839.808
2 13 692.928 838.08
0 14 953.027 773.868
1 14 868.839 700.877
2 14 884.736 701.568
0 15 622.08 703.296
1 15 635.904 701.568
2 15 651.456 699.84
0 16 846.72 696.384
1 16 862.272 696.384
2 16 879.552 698.112
0 17 955.584 694.656
1 17 972.864 696.384
2 17 990.144 696.384
0 18 777.6 889.92
1 18 793.152 888.192
2 18 808.704 888.192
0 19 646.272 696.384
1 19 663.552 694.656
2 19 679.104 691.2
0 20 955.584 680.832
1 20 972.864 680.832
2 20 990.144 682.56
0 21 953.856 775.526
1 21 970.445 775.526
2 21 986.688 775.872
0 22 945.216 679.104
1 22 962.496 680.832
2 22 979.776 682.56
0 23 741.312 903.744
1 23 755.136 902.016
2 23 770.688 900.288
0 24 869.184 1000.51
1 24 884.736 1000.51
2 24 900.288 998.784
0 25 762.048 946.944
1 25 777.6 945.216
2 25 793.152 943.488
0 26 945.562 769.306
1 26 962.151 771.379
2 26 979.776 770.688
0 27 302.4 777.6
1 27 319.68 775.872
2 27 335.232 772.416
0 28 955.93 694.656
1 28 972.519 696.73
2 28 989.107 696.73
0 29 953.856 775.526
1 29 970.445 775.526
2 29 987.034 777.6
0 30 848.103 698.803
1 30 962.98 771.379
2 30 980.813 773.453
0 31 653.184 775.526
1 31 667.699 773.453
2 31 684.288 771.379
0 32 848.517 699.218
1 32 863.447 699.218
2 32 881.28 698.803
0 33 622.08 702.951
1 33 636.595 700.877
2 33 653.184 698.803
0 34 302.4 777.6
1 34 319.68 775.872
2 34 335.923 773.453
0 35 741.52 903.26
1 35 756.449 903.26
2 35 771.379 900.772
0 36 953.856 775.526
1 36 970.445 776.356
2 36 987.863 776.356
0 37 852.25 700.877
1 37 868.424 701.706
2 37 885.842 701.706
0 38 848.103 698.803
1 38 863.447 699.218
2 38 880.865 699.218
0 39 646.963 696.73
1 39 664.382 694.241
2 39 679.312 694.241
0 40 664.382 691.753
1 40 681.8 691.753
2 40 696.73 689.265
0 41 953.027 671.847
1 41 970.445 671.847
2 41 987.863 674.335
0 42 651.94 828.611
1 42 666.87 826.122
2 42 681.8 823.634
0 43 761.426 945.562
1 43 776.356 945.562
2 43 791.286 943.073
0 44 619.592 704.195
1 44 634.522 701.706
2 44 651.94 699.218
0 45 709.171 890.819
1 45 724.101 890.819
2 45 739.031 888.33
0 46 302.746 777.6
1 46 319.334 775.526
2 46 335.923 771.379
0 47 848.02 698.72
1 47 862.95 698.72
2 47 880.866 701.706
0 48 662.889 692.748
1 48 680.805 692.748
2 48 695.734 689.763
0 49 946.557 770.384
1 49 962.98 771.379
2 49 979.403 773.37
0 50 304.57 779.342
1 50 319.5 776.356
2 50 337.416 773.37
0 51 862.95 985.375
1 51 877.88 982.389
2 51 892.809 982.389
0 52 740.524 904.753
1 52 755.454 901.767
2 52 770.384 901.767
0 53 956.71 447.898
1 53 973.431 447.898
2 53 991.347 450.884
0 54 609.141 785.314
1 54 624.071 782.328
2 54 639.001 782.328
0 55 849.214 698.72
1 55 863.547 698.72
2 55 881.463 698.72
0 56 673.638 856.38
1 56 687.971 856.38
2 56 705.887 852.797
