52
0 0 1044 871
1 0 1024 883
2 0 1006 892
0 1 1061 856
1 1 1041 867
2 1 1024 876
0 2 1514.4 121.2
1 2 1498.8 123.6
2 2 1489.2 123.6
0 3 1509.6 121.2
1 3 1494 123.6
2 3 1484.4 123.6
0 4 1042.56 869.76
1 4 1022.4 881.28
2 4 1005.12 891.36
0 5 689.76 777.6
1 5 666.72 789.12
2 5 648 796.32
0 6 1059.84 855.36
1 6 1039.68 866.88
2 6 1022.4 875.52
0 7 1270.08 378.72
1 7 1252.8 383.616
2 7 1241.28 385.92
0 8 1534.46 475.2
1 8 1517.18 480.384
2 8 1508.54 483.84
0 9 1052.35 846.72
1 9 1033.34 858.816
2 9 1016.06 867.456
0 10 1510.27 119.232
1 10 1496.45 122.688
2 10 1486.08 122.688
0 11 1240.7 677.376
1 11 1223.42 684.288
2 11 1209.6 691.2
0 12 1270.08 378.432
1 12 1252.8 383.616
2 12 1240.7 387.072
0 13 1045.09 868.839
1 13 1022.28 881.28
2 13 1005.7 891.648
0 14 1231.72 130.637
1 14 1215.13 134.784
2 14 1200.61 136.858
0 15 1537.78 472.781
1 15 1520.36 477.758
2 15 1511.65 481.075
0 16 1793.66 228.096
1 16 1777.08 230.17
2 16 1772.93 230.17
0 17 1270.08 378.72
1 17 1252.8 383.616
2 17 1240.01 387.763
0 18 1665.1 721.613
1 18 1650.24 727.488
2 18 1642.29 734.055
0 19 1296.42 184.136
1 19 1279 189.112
2 19 1264.07 189.112
0 20 1794.08 231.414
1 20 1774.17 233.902
2 20 1771.68 233.902
0 21 1796.57 241.367
1 21 1781.64 243.855
2 21 1774.17 243.855
0 22 1204.35 562.36
1 22 1186.93 569.825
2 22 1172 574.802
0 23 1030.16 865.936
1 23 1010.26 878.377
2 23 992.84 888.33
0 24 1408.39 691.753
1 24 1390.97 699.218
2 24 1378.53 706.683
0 25 1231.72 131.881
1 25 1214.3 134.369
2 25 1199.37 136.858
0 26 1549.73 740.524
1 26 1531.81 746.496
2 26 1525.34 753.961
0 27 1537.78 472.781
1 27 1520.36 477.758
2 27 1512.9 480.246
0 28 1203.35 561.365
1 28 1185.44 567.337
2 28 1170.51 573.309
0 29 1030.16 868.922
1 29 1009.26 880.866
2 29 991.347 889.823
0 30 1794.58 229.921
1 30 1776.66 232.907
2 30 1770.69 232.907
0 31 1292.93 185.131
1 31 1275.02 191.103
2 31 1263.07 191.103
0 32 1585.56 128.397
1 32 1570.63 131.383
2 32 1561.67 131.383
0 33 1406.4 692.748
1 33 1391.47 701.706
2 33 1379.53 707.678
0 34 1510.91 116.453
1 34 1495.98 119.439
2 34 1487.02 119.439
0 35 1042.11 868.922
1 35 1021.21 880.866
2 35 1003.29 889.823
0 36 1549.73 740.524
1 36 1535.29 748.984
2 36 1522.85 755.454
0 37 1024.19 877.88
1 37 1003.29 889.823
2 37 985.375 898.781
0 38 1295.92 170.201
1 38 1278 173.187
2 38 1263.07 176.173
0 39 856.978 256.795
1 39 838.564 261.274
2 39 818.16 268.739
0 40 856.978 256.795
1 40 831.298 261.572
2 40 813.382 268.739
0 41 1745.01 487.313
1 41 1730.68 490.896
2 41 1723.51 494.479
0 42 1795.17 229.324
1 42 1777.26 232.907
2 42 1773.68 232.907
0 43 1236.2 677.221
1 43 1218.28 684.388
2 43 1203.95 691.554
0 44 1408.19 691.554
1 44 1390.27 698.72
2 44 1379.53 705.887
0 45 1547.93 738.135
1 45 1533.6 745.302
2 45 1522.85 752.468
0 46 788.3 773.967
1 46 763.218 784.717
2 46 745.302 791.883
0 47 1667.17 721.613
1 47 1651.25 728.58
2 47 1644.68 734.552
0 48 1232.61 132.578
1 48 1214.7 136.161
2 48 1200.37 136.161
0 49 1805.92 240.073
1 49 1791.59 243.656
2 49 1784.42 243.656
0 50 1691.26 641.39
1 50 1676.93 648.556
2 50 1669.76 652.139
0 51 1293.53 146.91
1 51 1275.61 150.494
2 51 1261.28 154.077
