66
0 0 1183 60
1 0 1150 59
2 0 1130 56
0 1 1320 65
1 1 1286 64
2 1 1268 60
0 2 1239.6 57.6
1 2 1207.2 56.4
2 2 1188 52.8
0 3 1222.8 74.4
1 3 1189.2 73.2
2 3 1171.2 70.8
0 4 1218 68.4
1 4 1185.6 67.2
2 4 1166.4 63.6
0 5 1306.8 62.4
1 5 1273.2 61.2
2 5 1255.2 57.6
0 6 1846.08 80.64
1 6 1807.2 82.08
2 6 1794.24 72
0 7 1317.6 69.12
1 7 1284.48 67.68
2 7 1265.76 63.36
0 8 1827.36 79.2
1 8 1788.48 80.64
2 8 1775.52 70.56
0 9 1591.2 73.44
1 9 1586.88 74.88
2 9 1539.36 66.24
0 10 1140.48 545.76
1 10 1103.04 552.96
2 10 1082.88 560.16
0 11 1622.88 74.88
1 11 1586.88 74.88
2 11 1571.04 67.68
0 12 1756.8 69.12
1 12 1719.36 69.12
2 12 1706.4 60.48
0 13 1739.52 69.12
1 13 1702.08 69.12
2 13 1687.68 60.48
0 14 1638.72 74.88
1 14 1604.16 74.88
2 14 1588.32 67.68
0 15 1277.28 61.92
1 15 1244.16 61.92
2 15 1225.44 57.6
0 16 1640.16 66.24
1 16 1604.16 66.24
2 16 1588.32 59.04
0 17 1657.44 66.24
1 17 1621.44 66.24
2 17 1605.6 59.04
0 18 1411.2 59.04
1 18 1378.08 59.04
2 18 1359.36 53.28
0 19 1420.42 67.392
1 19 1385.86 67.392
2 19 1368.58 62.208
0 20 1232.06 65.664
1 20 1199.23 63.936
2 20 1180.22 60.48
0 21 1237.25 62.208
1 21 1204.42 60.48
2 21 1185.41 57.024
0 22 1740.1 77.76
1 22 1702.08 77.76
2 22 1688.26 69.12
0 23 1705.54 76.032
1 23 1669.25 77.76
2 23 1653.7 69.12
0 24 1622.59 74.304
1 24 1588.03 74.304
2 24 1572.48 67.392
0 25 1140.48 544.32
1 25 1102.46 552.96
2 25 1083.46 559.872
0 26 1622.59 74.304
1 26 1556.93 72.576
2 26 1541.38 65.664
0 27 1136.16 541.44
1 27 1099.01 549.504
2 27 1078.27 556.416
0 28 1316.74 69.12
1 28 1283.9 67.392
2 28 1264.9 63.936
0 29 1724.54 69.12
1 29 1686.53 69.12
2 29 1672.7 60.48
0 30 1738.37 69.12
1 30 1667.52 67.392
2 30 1686.53 60.48
0 31 1757.38 69.12
1 31 1721.09 69.12
2 31 1707.26 60.48
0 32 1221.7 91.584
1 32 1188.86 89.856
2 32 1169.86 88.128
0 33 1231.72 68.4288
1 33 1198.54 68.4288
2 33 1179.88 64.2816
0 34 1845.5 80.8704
1 34 1806.11 80.8704
2 34 1793.66 70.5024
0 35 1573.86 72.576
1 35 1536.54 72.576
2 35 1522.02 66.3552
0 36 1623.63 74.6496
1 36 1588.38 74.6496
2 36 1573.86 66.3552
0 37 1760.49 78.7968
1 37 1721.09 78.7968
2 37 1708.65 70.5024
0 38 1229.65 72.576
1 38 1196.47 72.576
2 38 1177.8 68.4288
0 39 1136.16 541.44
1 39 1099.01 549.504
2 39 1078.27 557.798
0 40 1229.23 92.0679
1 40 1196.88 92.0679
2 40 1176.98 89.5795
0 41 505.129 788.798
1 41 460.339 803.728
2 41 437.944 818.657
0 42 1336.23 786.309
1 42 1301.39 793.774
2 42 1288.95 796.263
0 43 940.585 308.552
1 43 904.753 310.542
2 43 888.33 311.04
0 44 1815.48 459.842
1 44 1779.65 459.842
2 44 1767.7 453.87
0 45 1134.67 546.435
1 45 1098.84 552.407
2 45 1077.94 561.365
0 46 1336.23 786.309
1 46 1301.39 793.774
2 46 1286.96 797.258
0 47 382.206 456.856
1 47 328.458 465.814
2 47 298.598 480.744
0 48 1128.7 889.823
1 48 1092.87 898.781
2 48 1077.94 907.739
0 49 1119.74 889.823
1 49 1083.91 898.781
2 49 1068.98 907.739
0 50 1728.89 450.884
1 50 1693.05 450.884
2 50 1681.11 444.912
0 51 505.129 788.798
1 51 456.856 806.216
2 51 435.954 821.146
0 52 940.585 307.556
1 52 904.753 310.542
2 52 886.837 310.542
0 53 1543.75 859.964
1 53 1510.91 868.922
2 53 1498.96 868.922
0 54 1225.45 118.245
1 54 1189.62 118.245
2 54 1171.7 114.662
0 55 1576.6 788.3
1 55 1544.35 791.883
2 55 1533.6 795.466
0 56 1334.74 788.3
1 56 1304.28 788.3
2 56 1289.95 791.883
0 57 1135.87 544.644
1 57 1096.45 551.81
2 57 1078.54 558.976
0 58 1543.75 859.964
1 58 1510.91 868.922
2 58 1497.77 867.13
0 59 340.402 322.486
1 59 283.071 329.653
2 59 250.823 343.985
0 60 920.878 111.079
1 60 885.046 111.079
2 60 863.547 111.079
0 61 1727.09 447.898
1 61 1691.26 447.898
2 61 1680.51 444.315
0 62 1128.7 885.046
1 62 1096.45 892.212
2 62 1082.12 899.379
0 63 940.585 307.556
1 63 906.545 304.57
2 63 888.629 308.154
0 64 1128.7 889.823
1 64 1092.87 899.379
2 64 1078.54 906.545
0 65 1719.93 275.905
1 65 1684.1 275.905
2 65 1669.76 268.739
