28
0 0 1289.09 691.2
1 0 1346.4 699.84
2 0 1407.6 711.6
0 1 1689.57 706.683
1 1 1762.56 723.687
2 1 1842 741.6
0 2 1693.44 707.04
1 2 1766.4 722.4
2 2 1846.08 741.6
0 3 1689.57 706.683
1 3 1762.56 723.687
2 3 1840.32 741.6
0 4 1289.09 691.2
1 4 1346.11 699.84
2 4 1406.88 711.36
0 5 1471.68 799.2
1 5 1533.6 812.4
2 5 1599.84 829.44
0 6 1694.4 706.8
1 6 1766 722
2 6 1843.78 741.312
0 7 1289.09 691.2
1 7 1347.84 700.877
2 7 1408.32 711.936
0 8 1689.57 706.683
1 8 1762.56 723.687
2 8 1841.36 742.349
0 9 1287.71 690.509
1 9 1347.84 700.877
2 9 1407.97 711.245
0 10 103.68 474.854
1 10 167.962 470.707
2 10 236.39 468.634
0 11 684.288 425.088
1 11 744.008 425.503
2 11 802.483 429.235
0 12 109.901 466.56
1 12 174.182 464.486
2 12 242.611 462.413
0 13 91.2384 445.824
1 13 157.594 441.677
2 13 226.022 437.53
0 14 431.309 294.451
1 14 493.517 290.304
2 14 557.798 296.525
0 15 639.498 221.461
1 15 699.218 221.461
2 15 761.426 226.437
0 16 109.486 445.409
1 16 176.671 442.921
2 16 243.855 440.433
0 17 1689.57 706.683
1 17 1761.73 724.101
2 17 1841.36 741.52
0 18 1289.95 687.971
1 18 1346.68 701.706
2 18 1408.39 711.66
0 19 102.021 475.269
1 19 169.206 470.293
2 19 236.39 467.804
0 20 1492.99 803.728
1 20 1555.2 818.657
2 20 1622.39 836.076
0 21 1473.09 798.751
1 21 1535.29 811.193
2 21 1602.48 828.611
0 22 639.001 220.963
1 22 698.72 220.963
2 22 761.426 223.949
0 23 1289.95 687.971
1 23 1346.68 701.706
2 23 1409.38 713.65
0 24 101.523 474.772
1 24 170.201 468.8
2 24 235.893 468.8
0 25 1490.01 803.23
1 25 1552.71 818.16
2 25 1621.39 836.076
0 26 637.806 218.574
1 26 695.137 218.574
2 26 759.635 222.157
0 27 1289.95 687.971
1 27 1347.28 698.72
2 27 1408.19 709.47
