29
0 0 1304.64 459.36
1 0 1320.48 469.44
2 0 1326.24 479.52
0 1 1323.65 466.56
1 1 1339.2 478.656
2 1 1346.11 489.024
0 2 1304.64 454.464
1 2 1323.65 466.56
2 2 1327.1 475.2
0 3 1297.73 487.296
1 3 1314.72 498.24
2 3 1320.19 508.032
0 4 1298.07 487.296
1 4 1314.66 497.664
2 4 1318.81 508.032
0 5 1306.37 460.339
1 5 1320.88 470.707
2 5 1327.1 481.075
0 6 1306.37 454.118
1 6 1325.03 466.56
2 6 1329.18 474.854
0 7 1179.88 752.717
1 7 1189.42 766.403
2 7 1191.91 778.844
0 8 1296.42 477.758
1 8 1313.83 490.199
2 8 1318.81 500.152
0 9 1326.27 460.339
1 9 1343.69 472.781
2 9 1348.67 482.734
0 10 1306.37 460.339
1 10 1321.3 470.293
2 10 1328.76 480.246
0 11 669.358 841.052
1 11 668.861 856.978
2 11 661.893 875.889
0 12 1298.9 487.711
1 12 1313.83 497.664
2 12 1318.81 507.617
0 13 700.877 719.539
1 13 701.706 729.078
2 13 696.73 741.52
0 14 1478.06 519.561
1 14 1495.98 534.491
2 14 1507.92 546.435
0 15 1301.89 498.659
1 15 1316.82 510.603
2 15 1322.79 519.561
0 16 668.861 839.062
1 16 668.861 856.978
2 16 659.903 874.894
0 17 1316.82 486.716
1 17 1331.75 498.659
2 17 1337.72 510.603
0 18 1319.81 465.814
1 18 1337.72 477.758
2 18 1340.71 486.716
0 19 1295.92 477.758
1 19 1310.85 489.702
2 19 1316.82 498.659
0 20 698.72 719.622
1 20 698.72 730.969
2 20 695.734 743.51
0 21 1476.27 519.561
1 21 1497.77 533.894
2 21 1504.94 544.644
0 22 1182.45 752.468
1 22 1189.62 763.218
2 22 1193.2 777.55
0 23 1307.86 453.87
1 23 1325.78 465.814
2 23 1329.36 472.98
0 24 761.426 540.463
1 24 764.412 552.407
2 24 759.635 562.56
0 25 666.472 838.465
1 25 666.472 856.38
2 25 659.305 874.296
0 26 700.877 719.539
1 26 698.72 731.566
2 26 691.554 745.302
0 27 1297.11 476.563
1 27 1311.44 487.313
2 27 1318.61 498.062
0 28 1487.02 530.311
1 28 1504.94 544.644
2 28 1515.69 555.393
