46
0 0 799 677
1 0 829.44 671.04
2 0 863 661
0 1 898.8 884.4
1 1 930 878.4
2 1 963.6 868.8
0 2 1040.4 618
1 2 1076.4 616.8
2 2 1116 613.2
0 3 797.76 678.24
1 3 829.44 671.04
2 3 862.8 661.2
0 4 1156.8 700.8
1 4 1195.2 702
2 4 1236 699.6
0 5 1041.12 609.12
1 5 1076.54 609.984
2 5 1116 606.24
0 6 1039.68 617.76
1 6 1075.68 616.32
2 6 1114.56 613.44
0 7 963.36 865.44
1 7 995.04 859.68
2 7 1029.6 851.04
0 8 855.36 833.76
1 8 885.6 828
2 8 917.28 817.92
0 9 1150.8 786
1 9 1186.56 787.68
2 9 1226.88 786.24
0 10 1148.4 780
1 10 1183.68 784.8
2 10 1224 786.24
0 11 826.56 803.52
1 11 856.8 796.32
2 11 889.92 786.24
0 12 797.76 678.24
1 12 829.44 671.04
2 12 862.56 660.96
0 13 830.88 750.24
1 13 861.12 743.04
2 13 894.24 732.96
0 14 1156.32 725.76
1 14 1193.76 725.76
2 14 1235.52 724.32
0 15 1144.8 718.56
1 15 1183.2 718.8
2 15 1224 718.56
0 16 1039.2 702
1 16 1074 702
2 16 1111.68 698.4
0 17 799.2 676.8
1 17 830.4 670.8
2 17 862.272 660.096
0 18 1038.53 622.08
1 18 1075.68 620.64
2 18 1114.56 618.624
0 19 1041.12 609.12
1 19 1076.54 609.984
2 19 1116.29 606.528
0 20 1150.8 786
1 20 1186.56 787.68
2 20 1226.88 786.24
0 21 1565.15 375.736
1 21 1615.33 379.469
2 21 1672.7 380.16
0 22 829.44 749.952
1 22 860.544 743.04
2 22 893.376 732.672
0 23 1156.03 698.112
1 23 1194.05 699.84
2 23 1235.52 698.112
0 24 787.968 758.592
1 24 817.344 751.68
2 24 850.176 741.312
0 25 974.592 972.864
1 25 1005.7 967.68
2 25 1038.53 959.04
0 26 829.44 750.643
1 26 860.544 742.349
2 26 893.722 734.055
0 27 798.336 678.067
1 27 829.44 671.846
2 27 862.618 661.479
0 28 829.44 671.846
1 28 860.544 665.626
2 28 893.722 655.258
0 29 825.293 802.483
1 29 854.323 796.263
2 29 887.501 785.895
0 30 953.856 949.709
1 30 984.96 943.488
2 30 1018.14 935.194
0 31 1040.95 611.712
1 31 1077.44 609.639
2 31 1117.26 607.15
0 32 828.611 671.847
1 32 860.959 664.382
2 32 895.795 654.428
0 33 1146.62 788.3
1 33 1184.44 786.309
2 33 1224.25 786.309
0 34 1152.09 679.312
1 34 1189.42 679.312
2 34 1231.72 676.823
0 35 1580.08 218.972
1 35 1634.83 221.461
2 35 1699.52 218.972
0 36 1152.59 680.805
1 36 1188.42 680.805
2 36 1230.23 680.805
0 37 1155.58 659.903
1 37 1194.39 659.903
2 37 1236.2 656.917
0 38 842.048 671.847
1 38 874.894 662.889
2 38 907.739 653.931
0 39 1153.78 680.805
1 39 1189.62 680.805
2 39 1232.61 677.221
0 40 1157.37 655.722
1 40 1193.2 655.722
2 40 1236.2 655.722
0 41 842.048 670.055
1 41 874.296 662.889
2 41 906.545 652.139
0 42 831.298 816.965
1 42 859.964 809.799
2 42 892.212 799.05
0 43 806.216 784.717
1 43 838.465 777.55
2 43 870.713 766.801
0 44 881.463 867.13
1 44 910.128 859.964
2 44 942.377 852.797
0 45 795.466 770.384
1 45 824.132 763.218
2 45 856.38 752.468
