108
0 0 682 927
1 0 678 928
2 0 676 930
0 1 804 977
1 1 800 977
2 1 798 979
0 2 803 980
1 2 799 980
2 2 797 982
0 3 721 908
1 3 717 909
2 3 714 911
0 4 887 633
1 4 883 634
2 4 880 635
0 5 683 923
1 5 679 923
2 5 676 925
0 6 883 650
1 6 880 651
2 6 877 652
0 7 678 925
1 7 675 925
2 7 672 927
0 8 1187 615
1 8 1184 616
2 8 1181 616
0 9 887 636
1 9 883 637
2 9 880 638
0 10 806 997
1 10 802 998
2 10 799 999
0 11 804 979.2
1 11 799.2 980.4
2 11 796.8 981.6
0 12 666 926.4
1 12 662.4 927.6
2 12 660 928.8
0 13 727.2 898.8
1 13 723.6 898.8
2 13 721.2 901.2
0 14 610.8 849.6
1 14 607.2 849.6
2 14 604.8 852
0 15 784.8 640.8
1 15 781.2 642
2 15 778.8 643.2
0 16 885.6 441.6
1 16 882 441.6
2 16 878.4 442.8
0 17 728.4 904.8
1 17 724.8 906
2 17 721.2 908.4
0 18 802.8 997.2
1 18 799.2 998.4
2 18 796.8 999.6
0 19 875.52 437.76
1 19 872.64 438.912
2 19 868.32 439.2
0 20 668.16 930.24
1 20 663.84 931.68
2 20 660.96 933.12
0 21 803.52 979.2
1 21 799.2 980.64
2 21 796.32 982.08
0 22 727.2 898.56
1 22 722.88 898.56
2 22 720 901.44
0 23 560.16 721.44
1 23 557.28 721.44
2 23 554.4 722.88
0 24 876.96 685.44
1 24 872.64 686.88
2 24 869.76 688.32
0 25 728.64 901.44
1 25 724.32 902.88
2 25 721.44 904.32
0 26 807.84 1003.68
1 26 803.52 1003.68
2 26 800.64 1005.12
0 27 784.512 639.36
1 27 780.48 640.8
2 27 777.6 642.24
0 28 810.432 1019.52
1 28 805.248 1017.79
2 28 803.52 1021.25
0 29 876.096 634.176
1 29 872.64 634.176
2 29 869.184 635.904
0 30 876.096 663.552
1 30 872.64 663.552
2 30 869.184 665.28
0 31 720 908.64
1 31 717.12 908.928
2 31 713.664 910.656
0 32 720.576 986.688
1 32 717.12 986.688
2 32 715.392 988.416
0 33 784.512 639.36
1 33 780.48 640.8
2 33 777.6 641.088
0 34 781.747 700.877
1 34 875.889 771.379
2 34 775.872 703.296
0 35 787.968 705.024
1 35 883.354 776.356
2 35 781.056 706.752
0 36 603.072 710.208
1 36 599.616 710.208
2 36 596.16 711.936
0 37 232.243 806.63
1 37 228.096 806.63
2 37 224.64 810.432
0 38 552.96 805.248
1 38 549.504 805.248
2 38 546.048 808.704
0 39 803.52 979.776
1 39 800.064 979.776
2 39 796.608 981.504
0 40 559.872 720.576
1 40 556.416 722.304
2 40 552.96 724.032
0 41 584.064 713.664
1 41 578.88 715.392
2 41 577.152 717.12
0 42 879.207 771.379
1 42 875.889 771.379
2 42 872.986 773.453
0 43 887.501 775.526
1 43 883.354 777.6
2 43 881.28 777.6
0 44 877.133 688.435
1 44 872.986 688.435
2 44 870.912 690.509
0 45 781.747 700.877
1 45 778.844 701.706
2 45 775.526 702.951
0 46 886.837 776.356
1 46 883.852 776.356
2 46 781.747 707.098
0 47 620.006 879.207
1 47 615.859 879.207
2 47 613.786 881.28
0 48 740.275 1007.77
1 48 736.128 1007.77
2 48 734.055 1009.84
0 49 1163.29 918.605
1 49 1159.14 918.605
2 49 1157.07 920.679
0 50 651.11 912.384
1 50 646.963 912.384
2 50 644.89 914.458
0 51 603.418 709.171
1 51 599.271 711.245
2 51 597.197 713.318
0 52 582.682 715.392
1 52 580.608 715.392
2 52 576.461 717.466
0 53 707.098 680.141
1 53 702.951 682.214
2 53 700.877 682.214
0 54 719.539 908.237
1 54 715.392 910.311
2 54 713.318 910.311
0 55 559.872 721.613
1 55 555.725 721.613
2 55 553.651 723.687
0 56 1163.29 918.605
1 56 1159.56 930.632
2 56 1157.07 933.12
0 57 601.344 862.618
1 57 597.197 862.618
2 57 595.123 864.691
0 58 804.557 999.475
1 58 800.41 999.475
2 58 798.336 1001.55
0 59 588.902 794.189
1 59 584.755 794.189
2 59 582.682 798.336
0 60 725.76 897.869
1 60 721.613 897.869
2 60 719.539 899.943
0 61 578.534 897.869
1 61 574.387 897.869
2 61 572.314 899.943
0 62 781.747 700.877
1 62 696.73 681.8
2 62 694.656 684.288
0 63 783.821 638.669
1 63 779.674 638.669
2 63 777.6 640.742
0 64 551.578 806.63
1 64 547.43 806.63
2 64 545.357 808.704
0 65 232.243 806.63
1 65 228.925 806.216
2 65 226.022 808.704
0 66 734.055 992.84
1 66 729.078 992.84
2 66 726.59 995.328
0 67 803.728 997.817
1 67 801.239 1000.3
2 67 798.751 1000.3
0 68 231.414 806.216
1 68 228.925 806.216
2 68 226.437 808.704
0 69 649.452 910.725
1 69 646.963 910.725
2 69 644.475 913.214
0 70 589.732 793.774
1 70 584.755 793.774
2 70 582.267 796.263
0 71 787.968 705.024
1 71 883.354 776.356
2 71 880.865 778.844
0 72 880.865 771.379
1 72 874.894 773.37
2 72 873.401 773.868
0 73 559.872 721.613
1 73 554.896 721.613
2 73 552.407 724.101
0 74 584.755 714.148
1 74 579.779 716.636
2 74 577.29 719.125
0 75 681.8 923.167
1 75 676.823 923.167
2 75 674.335 925.655
0 76 617.104 878.377
1 76 614.615 878.377
2 76 612.127 880.865
0 77 886.837 776.356
1 77 783.821 706.683
2 77 781.333 706.683
0 78 782.328 701.706
1 78 778.844 701.706
2 78 776.356 704.195
0 79 878.377 632.033
1 79 871.908 633.029
2 79 870.912 634.522
0 80 704.692 680.805
1 80 701.706 681.8
2 80 699.218 684.288
0 81 781.747 700.877
1 81 696.73 681.8
2 81 694.241 684.288
0 82 589.732 848.517
1 82 587.244 848.517
2 82 584.755 851.006
0 83 562.36 818.657
1 83 559.872 818.657
2 83 557.384 821.146
0 84 561.365 818.16
1 84 558.379 818.16
2 84 555.393 821.146
0 85 787.968 705.024
1 85 883.852 776.356
2 85 880.866 779.342
0 86 877.88 770.384
1 86 874.894 773.37
2 86 871.908 773.37
0 87 558.379 722.608
1 87 555.393 722.608
2 87 552.407 725.594
0 88 600.183 710.664
1 88 597.197 710.664
2 88 594.211 713.65
0 89 883.852 707.678
1 89 880.866 710.664
2 89 877.88 710.664
0 90 232.907 806.216
1 90 229.921 806.216
2 90 226.935 809.202
0 91 877.88 633.029
1 91 874.296 630.64
2 91 871.908 633.029
0 92 883.852 630.043
1 92 880.866 633.029
2 92 877.88 633.029
0 93 783.821 701.706
1 93 779.342 704.692
2 93 776.356 704.692
0 94 597.197 862.95
1 94 594.211 862.95
2 94 591.225 865.936
0 95 588.239 848.02
1 95 585.253 848.02
2 95 582.267 851.006
0 96 877.88 665.875
1 96 874.894 665.875
2 96 871.908 668.861
0 97 573.309 833.09
1 97 570.323 833.09
2 97 567.337 836.076
0 98 704.692 680.805
1 98 701.706 683.791
2 98 698.72 683.791
0 99 680.805 949.543
1 99 677.819 949.543
2 99 674.833 952.529
0 100 487.313 838.465
1 100 483.73 838.465
2 100 480.146 842.048
0 101 781.134 634.223
1 101 777.55 634.223
2 101 773.967 634.223
0 102 627.057 892.212
1 102 623.474 892.212
2 102 623.474 895.795
0 103 573.309 831.298
1 103 569.726 831.298
2 103 566.143 834.881
0 104 885.046 648.556
1 104 881.463 648.556
2 104 877.88 648.556
0 105 880.866 773.37
1 105 877.88 773.967
2 105 874.296 773.967
0 106 704.692 680.805
1 106 701.706 683.791
2 106 698.72 684.388
0 107 784.717 702.304
1 107 781.134 702.304
2 107 777.55 705.887
