54
0 0 296 656
1 0 320.4 674.4
2 0 339 671
0 1 1105.2 817.2
1 1 1141.2 840
2 1 1171.2 848.4
0 2 296.4 656.4
1 2 320.4 674.4
2 2 338.4 670.8
0 3 296.4 656.4
1 3 319.68 675.36
2 3 338.4 671.04
0 4 1314.72 904.32
1 4 1358.21 929.664
2 4 1393.92 941.76
0 5 295.488 656.64
1 5 319.68 675.648
2 5 338.688 672.192
0 6 1313.28 903.744
1 6 1358.21 929.664
2 6 1394.5 941.76
0 7 1251.07 839.808
1 7 1293.12 864
2 7 1327.1 874.368
0 8 595.123 601.344
1 8 622.08 620.006
2 8 642.816 617.933
0 9 1113.52 812.851
1 9 1152.92 835.661
2 9 1181.95 843.955
0 10 296.525 657.331
1 10 319.334 675.994
2 10 340.07 671.846
0 11 1313.28 903.744
1 11 1358.21 928.973
2 11 1393.46 941.415
0 12 238.464 879.207
1 12 259.2 899.943
2 12 277.862 895.795
0 13 1251.07 839.808
1 13 1293.93 862.618
2 13 1327.1 872.986
0 14 1001.55 829.44
1 14 1034.73 850.176
2 14 1061.68 858.471
0 15 512.179 962.151
1 15 534.989 982.887
2 15 557.798 982.887
0 16 1002.79 828.611
1 16 1035.14 851.006
2 16 1062.51 858.471
0 17 1007.77 746.496
1 17 1042.61 766.403
2 17 1069.98 773.868
0 18 1252.45 839.808
1 18 1296.42 863.447
2 18 1328.76 873.401
0 19 510.603 964.473
1 19 535.68 983.232
2 19 554.896 985.375
0 20 594.709 602.174
1 20 622.08 619.592
2 20 641.987 617.104
0 21 1012.75 748.984
1 21 1047.58 768.891
2 21 1074.95 776.356
0 22 1264.07 890.819
1 22 1306.37 915.702
2 22 1341.2 928.144
0 23 699.218 622.08
1 23 724.101 639.498
2 23 746.496 639.498
0 24 1107.3 816.169
1 24 1144.63 838.564
2 24 1174.49 846.029
0 25 980.398 756.449
1 25 1012.75 776.356
2 25 1040.12 783.821
0 26 296.11 656.917
1 26 320.993 676.823
2 26 338.412 671.847
0 27 1003.29 746.496
1 27 1036.14 767.398
2 27 1063.01 773.37
0 28 1000.3 737.538
1 28 1033.15 758.44
2 28 1060.02 764.412
0 29 1012.25 749.482
1 29 1042.11 767.398
2 29 1068.98 773.37
0 30 1012.25 749.482
1 30 1048.08 770.384
2 30 1074.95 776.356
0 31 223.949 868.922
1 31 244.851 886.837
2 31 265.753 883.852
0 32 295.612 659.903
1 32 319.5 677.819
2 32 340.402 674.833
0 33 630.043 797.258
1 33 653.931 818.16
2 33 674.833 818.16
0 34 979.403 758.44
1 34 1012.25 776.356
2 34 1039.12 785.314
0 35 1310.85 901.767
1 35 1355.64 925.655
2 35 1391.47 940.585
0 36 713.65 653.931
1 36 740.524 671.847
2 36 761.426 671.847
0 37 1024.19 800.244
1 37 1057.04 821.146
2 37 1086.9 827.118
0 38 510.603 964.473
1 38 534.491 985.375
2 38 555.393 985.375
0 39 1319.81 868.922
1 39 1364.6 892.809
2 39 1400.43 904.753
0 40 1012.25 815.174
1 40 1048.08 839.062
2 40 1074.95 845.034
0 41 1107.8 773.37
1 41 1143.63 791.286
2 41 1173.49 800.244
0 42 1003.29 830.104
1 42 1035.14 851.006
2 42 1063.01 859.964
0 43 1003.29 738.135
1 43 1035.54 756.051
2 43 1064.2 763.218
0 44 1006.87 745.302
1 44 1039.12 766.801
2 44 1067.79 773.967
0 45 232.907 820.549
1 45 254.406 838.465
2 45 275.905 834.881
0 46 214.991 874.296
1 46 236.49 892.212
2 46 254.406 888.629
0 47 1322.19 863.547
1 47 1365.19 888.629
2 47 1401.02 899.379
0 48 713.053 652.139
1 48 741.719 670.055
2 48 763.218 670.055
0 49 1254.11 838.465
1 49 1297.11 859.964
2 49 1332.94 870.713
0 50 979.403 758.44
1 50 1014.04 773.967
2 50 1039.12 781.134
0 51 1024.79 824.132
1 51 1057.04 845.631
2 51 1085.7 852.797
0 52 1272.03 877.88
1 52 1311.44 902.962
2 52 1347.28 913.711
0 53 1014.04 813.382
1 53 1046.29 834.881
2 53 1074.95 842.048
