67
0 0 870 685
1 0 882 685
2 0 899 684
0 1 775.2 699.6
1 1 787 698
2 1 804 697
0 2 781.92 704.16
1 2 793.2 704.4
2 2 810 700
0 3 721 896
1 3 731 893
2 3 747 888
0 4 872.64 770.4
1 4 787.2 698.4
2 4 804 698.4
0 5 796.8 976.8
1 5 807.6 973.2
2 5 823.2 968.4
0 6 801.6 999.6
1 6 812.4 997.2
2 6 826.8 992.4
0 7 674.4 925.2
1 7 685.2 921.6
2 7 699.6 916.8
0 8 712.8 905.76
1 8 722.88 902.88
2 8 738.72 898.56
0 9 872.64 770.688
1 9 884.16 768.96
2 9 901.44 767.52
0 10 782.784 705.024
1 10 793.44 704.16
2 10 810.72 701.28
0 11 881.28 714.24
1 11 892.8 714.24
2 11 910.08 712.8
0 12 554.4 720
1 12 565.92 715.68
2 12 581.76 711.36
0 13 869.76 707.04
1 13 881.28 707.04
2 13 898.56 705.6
0 14 578.88 711.36
1 14 590.4 708.48
2 14 606.24 704.16
0 15 800.64 999.36
1 15 812.16 996.48
2 15 826.56 992.16
0 16 777.6 640.8
1 16 789.696 639.36
2 16 806.4 637.92
0 17 661.824 927.936
1 17 672.192 924.48
2 17 687.744 919.296
0 18 872.986 771.379
1 18 884.736 768.96
2 18 902.016 768.96
0 19 720.576 895.104
1 19 730.944 891.648
2 19 746.496 886.464
0 20 796.608 976.32
1 20 806.976 972.864
2 20 822.528 969.408
0 21 554.688 718.848
1 21 565.056 715.392
2 21 580.608 711.936
0 22 578.88 711.936
1 22 590.976 708.48
2 22 606.528 703.296
0 23 782.784 705.024
1 23 793.44 704.16
2 23 810.432 701.568
0 24 803.52 1014.34
1 24 813.888 1010.88
2 24 829.44 1007.42
0 25 231.552 801.792
1 25 243.855 796.263
2 25 260.928 789.696
0 26 547.776 803.52
1 26 558.144 800.064
2 26 573.696 794.88
0 27 673.92 920.679
1 27 686.362 916.531
2 27 700.877 912.384
0 28 870.912 688.435
1 28 883.354 688.435
2 28 899.943 686.362
0 29 584.755 792.115
1 29 595.123 790.042
2 29 611.712 783.821
0 30 881.28 775.872
1 30 893.722 775.526
2 30 910.311 773.453
0 31 873.401 771.379
1 31 885.427 771.379
2 31 902.016 769.306
0 32 775.526 700.877
1 32 883.852 770.384
2 32 804.557 698.803
0 33 782.784 705.024
1 33 893.307 776.356
2 33 810.778 702.951
0 34 231.552 801.792
1 34 243.855 796.263
2 34 261.274 790.042
0 35 796.263 1001.55
1 35 806.63 997.402
2 35 823.219 993.255
0 36 547.43 802.483
1 36 557.798 798.336
2 36 572.314 794.189
0 37 798.336 995.328
1 37 808.704 993.255
2 37 823.219 987.034
0 38 721.613 899.943
1 38 731.981 895.795
2 38 746.496 891.648
0 39 553.651 719.539
1 39 564.019 717.466
2 39 580.608 711.245
0 40 714.148 982.887
1 40 724.101 980.398
2 40 739.031 975.422
0 41 782.784 705.024
1 41 893.722 775.526
2 41 910.725 773.868
0 42 579.779 711.66
1 42 589.732 711.66
2 42 607.15 704.195
0 43 874.894 773.37
1 43 885.842 771.379
2 43 903.26 768.891
0 44 874.894 773.37
1 44 788.798 701.706
2 44 806.216 699.218
0 45 597.197 710.664
1 45 609.639 704.195
2 45 624.568 699.218
0 46 231.552 801.792
1 46 243.855 796.263
2 46 261.274 788.798
0 47 584.755 846.029
1 47 597.197 841.052
2 47 612.127 836.076
0 48 798.751 995.328
1 48 808.704 992.84
2 48 823.634 987.863
0 49 776.356 637.01
1 49 788.798 637.01
2 49 806.216 634.522
0 50 674.335 920.679
1 50 686.776 915.702
2 50 701.706 910.725
0 51 679.312 943.073
1 51 689.265 940.585
2 51 704.195 935.609
0 52 544.942 803.728
1 52 557.384 798.751
2 52 572.314 793.774
0 53 695.734 964.473
1 53 704.692 961.487
2 53 719.622 955.515
0 54 874.296 773.967
1 54 885.842 771.379
2 54 901.767 770.384
0 55 552.407 719.622
1 55 564.351 716.636
2 55 579.281 713.65
0 56 543.449 803.23
1 56 552.407 800.244
2 56 570.323 794.272
0 57 674.833 919.683
1 57 686.776 916.697
2 57 701.706 910.725
0 58 776.356 701.706
1 58 885.046 770.384
2 58 722.608 674.833
0 59 555.393 815.174
1 59 567.337 812.188
2 59 582.267 806.216
0 60 874.894 773.37
1 60 788.798 701.706
2 60 902.962 770.384
0 61 552.407 719.622
1 61 562.56 716.636
2 61 576.892 713.053
0 62 870.713 702.304
1 62 881.463 702.304
2 62 899.379 702.304
0 63 580.475 709.47
1 63 591.225 705.887
2 63 609.141 702.304
0 64 777.55 702.304
1 64 788.3 702.304
2 64 806.216 698.72
0 65 641.39 906.545
1 65 652.139 902.962
2 65 666.472 899.379
0 66 623.474 888.629
1 66 634.223 885.046
2 66 648.556 881.463
