25
0 0 1036.8 153.792
1 0 1067.9 188.352
2 0 1100.74 226.368
0 1 1029.89 177.984
1 1 1059.26 212.544
2 1 1092.1 248.832
0 2 1026.43 149.299
1 2 1055.46 184.55
2 2 1088.64 221.875
0 3 1036.8 153.446
1 3 1067.9 188.698
2 3 1101.08 226.022
0 4 226.022 622.08
1 4 244.685 657.331
2 4 267.494 698.803
0 5 1035.14 171.694
1 5 1065 206.531
2 5 1097.35 243.855
0 6 949.709 423.014
1 6 977.91 457.851
2 6 1005.28 495.176
0 7 1201.86 238.879
1 7 1234.21 276.204
2 7 1271.53 313.528
0 8 515.082 515.082
1 8 537.477 549.919
2 8 562.36 587.244
0 9 1037.63 154.276
1 9 1067.49 189.112
2 9 1099.84 226.437
0 10 1020.21 166.717
1 10 1050.07 201.554
2 10 1082.42 238.879
0 11 421.024 453.87
1 11 438.94 486.716
2 11 462.828 522.547
0 12 421.024 453.87
1 12 438.94 486.716
2 12 462.828 522.547
0 13 516.575 516.575
1 13 537.477 549.421
2 13 561.365 588.239
0 14 1027.18 152.285
1 14 1057.04 185.131
2 14 1089.88 223.949
0 15 1194.39 235.893
1 15 1227.24 271.725
2 15 1266.06 310.542
0 16 952.529 424.01
1 16 976.417 459.842
2 16 1006.28 495.673
0 17 226.022 622.08
1 17 244.685 657.331
2 17 268.739 698.72
0 18 1028.37 150.494
1 18 1057.04 186.325
2 18 1089.29 222.157
0 19 229.324 623.474
1 19 247.24 659.305
2 19 268.739 698.72
0 20 953.126 422.815
1 20 978.209 458.647
2 20 1006.87 494.479
0 21 469.397 723.803
1 21 487.313 766.801
2 21 512.395 809.799
0 22 981.792 824.132
1 22 1010.46 870.713
2 22 1046.29 920.878
0 23 419.232 451.481
1 23 437.148 483.73
2 23 462.23 519.561
0 24 515.978 515.978
1 24 537.477 548.227
2 24 562.56 587.642
