38
0 0 1503.6 690
1 0 1564.8 704.4
2 0 1627 722
0 1 1503 688
1 1 1564 704
2 1 1626 720
0 2 1503.6 690
1 2 1564.8 704.4
2 2 1626 721.2
0 3 1512 696.96
1 3 1573.92 711.36
2 3 1634.4 728.64
0 4 1503.6 690
1 4 1564.8 704.4
2 4 1625.76 721.44
0 5 937.599 659.903
1 5 976.32 661.824
2 5 1020.96 663.84
0 6 1271.12 649.037
1 6 1322.96 653.184
2 6 1373.76 660.96
0 7 1503.36 689.76
1 7 1565.28 705.6
2 7 1626.05 722.304
0 8 1512 696.384
1 8 1572.62 711.66
2 8 1634.69 729.216
0 9 1309.82 736.128
1 9 1361.66 743.04
2 9 1413.5 753.408
0 10 1342.66 646.272
1 10 1396.22 651.456
2 10 1451.52 658.368
0 11 1271.12 649.037
1 11 1321.92 653.184
2 11 1373.76 660.096
0 12 937.599 659.903
1 12 976.32 661.824
2 12 1021.25 667.008
0 13 1515.46 670.464
1 13 1577.66 684.288
2 13 1639.87 701.568
0 14 1271.53 649.452
1 14 1321.92 653.184
2 14 1372.72 661.479
0 15 1652.66 690.509
1 15 1723.16 709.171
2 15 1793.66 729.907
0 16 1511.65 696.73
1 16 1572.62 711.66
2 16 1634 727.834
0 17 1507.51 663.552
1 17 1565.57 705.024
2 17 1625.7 721.613
0 18 1515.8 669.773
1 18 1578.01 684.288
2 18 1640.22 700.877
0 19 1511.65 696.73
1 19 1572.62 711.66
2 19 1634.83 729.078
0 20 1660.95 667.699
1 20 1734.36 684.288
2 20 1806.52 704.195
0 21 1271.12 649.037
1 21 1321.92 653.184
2 21 1373.55 659.405
0 22 258.785 233.902
1 22 308.552 228.925
2 22 360.806 228.925
0 23 933.12 661.479
1 23 976.666 663.552
2 23 1022.7 664.382
0 24 1272.03 650.945
1 24 1319.81 653.931
2 24 1373.55 662.889
0 25 1510.91 698.72
1 25 1572.62 711.66
2 25 1633.33 728.58
0 26 352.346 486.716
1 26 400.122 483.73
2 26 447.898 483.73
0 27 1504.94 692.748
1 27 1565.85 705.887
2 27 1627.36 725.594
0 28 1340.71 647.959
1 28 1394.45 653.931
2 28 1448.2 659.903
0 29 1321.3 646.963
1 29 1376.04 651.94
2 29 1427.3 659.903
0 30 1242.17 737.538
1 30 1292.93 743.51
2 30 1340.71 752.468
0 31 1257.1 755.454
1 31 1307.86 761.426
2 31 1355.64 770.384
0 32 261.572 229.324
1 32 308.154 225.74
2 32 361.901 225.74
0 33 1648.26 720.22
1 33 1719.93 738.135
2 33 1788.01 759.635
0 34 1504.94 691.554
1 34 1565.85 705.887
2 34 1626.76 723.803
0 35 1340.11 644.973
1 35 1393.86 652.139
2 35 1447.61 659.305
0 36 1268.45 648.556
1 36 1318.61 652.139
2 36 1372.36 659.305
0 37 933.12 661.893
1 37 978.209 659.305
2 37 1021.21 666.472
