29
0 0 1461.6 390
1 0 1442.4 394.8
2 0 1423.2 400.8
0 1 1100.16 986.4
1 1 1074.24 1006.56
2 1 1054.8 1028.4
0 2 1856.4 138
1 2 1850 133
2 2 1834.8 130.8
0 3 1866.24 158.4
1 3 1859.04 152.64
2 3 1843.2 151.2
0 4 1524.96 156.96
1 4 1514.88 152.64
2 4 1500.48 152.64
0 5 1520.64 138.24
1 5 1512 133.92
2 5 1496.16 132.48
0 6 1461.6 390
1 6 1442.4 394.8
2 6 1421.28 401.76
0 7 1387.58 691.2
1 7 1370.3 699.84
2 7 1354.75 708.48
0 8 1101.08 974.592
1 8 1076.54 995.328
2 8 1055.81 1017.79
0 9 930.632 522.547
1 9 903.26 530.012
2 9 883.354 541.21
0 10 1461.89 390.528
1 10 1442.88 395.712
2 10 1422.49 402.278
0 11 1530.32 141.834
1 11 1520.36 136.858
2 11 1505.43 136.858
0 12 1460.15 394.15
1 12 1443.23 396.058
2 12 1423.32 403.108
0 13 1388.48 691.753
1 13 1371.06 701.706
2 13 1356.13 709.171
0 14 1560.18 661.893
1 14 1547.74 666.87
2 14 1532.81 674.335
0 15 1522.85 125.411
1 15 1513.89 119.439
2 15 1498.96 119.439
0 16 1528.82 143.327
1 16 1519.87 137.355
2 16 1504.94 137.355
0 17 1460.15 394.15
1 17 1443.23 395.643
2 17 1421.33 403.108
0 18 1561.67 659.903
1 18 1547.93 666.472
2 18 1531.81 674.833
0 19 1373.55 686.776
1 19 1355.64 695.734
2 19 1340.71 704.692
0 20 1388.48 691.753
1 20 1373.55 701.706
2 20 1355.64 710.664
0 21 858.471 111.974
1 21 827.118 113.467
2 21 800.244 119.439
0 22 1534.8 119.439
1 22 1522.85 113.467
2 22 1510.91 113.467
0 23 1376.54 698.72
1 23 1358.62 707.678
2 23 1343.69 716.636
0 24 1519.27 154.077
1 24 1508.52 150.494
2 24 1494.19 150.494
0 25 1460.15 394.15
1 25 1442.23 397.136
2 25 1422.52 404.9
0 26 1526.44 121.828
1 26 1515.69 118.245
2 26 1501.35 118.245
0 27 1372.36 684.388
1 27 1354.44 695.137
2 27 1340.11 702.304
0 28 1562.27 121.828
1 28 1551.52 114.662
2 28 1537.19 114.662
