35
0 0 1332 672.48
1 0 1333.44 684
2 0 1332 691.2
0 1 1476 456.48
1 1 1478.88 462.24
2 1 1481.76 460.8
0 2 1328.83 622.08
1 2 1328.83 632.448
2 2 1327.1 637.632
0 3 1114.56 689.472
1 3 1111.1 701.568
2 3 1105.92 708.48
0 4 1090.71 80.8704
1 4 1090.71 76.7232
2 4 1086.57 66.3552
0 5 1519.95 136.858
1 5 1522.02 136.858
2 5 1526.17 128.563
0 6 1594.6 439.603
1 6 1598.75 443.75
2 6 1602.89 443.75
0 7 1476.4 456.192
1 7 1480.55 460.339
2 7 1482.62 460.339
0 8 1107.3 769.306
1 8 1101.08 785.895
2 8 1094.86 798.336
0 9 1382.4 585.792
1 9 1383.09 593.05
2 9 1383.09 597.197
0 10 1114.56 689.472
1 10 1111.45 700.877
2 10 1105.23 707.098
0 11 1383.09 590.976
1 11 1385.17 599.271
2 11 1385.17 603.418
0 12 1772.93 134.784
1 12 1778.11 134.784
2 12 1785.37 128.563
0 13 1768.78 124.416
1 13 1772.93 124.416
2 13 1779.15 118.195
0 14 1099.84 761.426
1 14 1094.86 776.356
2 14 1087.4 788.798
0 15 1480.55 450.386
1 15 1481.05 456.856
2 15 1485.53 455.363
0 16 1104.81 768.891
1 16 1099.84 786.309
2 16 1094.86 796.263
0 17 1383.51 582.267
1 17 1383.51 589.732
2 17 1383.51 594.709
0 18 1381.02 589.732
1 18 1383.51 597.197
2 18 1383.51 602.174
0 19 1115.6 690.509
1 19 1112.28 699.218
2 19 1107.3 706.683
0 20 1637.51 770.384
1 20 1642.29 788.3
2 20 1649.76 798.751
0 21 1637.51 770.384
1 21 1644.68 788.3
2 21 1648.26 800.244
0 22 1791.59 137.355
1 22 1797.56 137.355
2 22 1803.53 131.383
0 23 1167.52 140.341
1 23 1167.52 137.355
2 23 1164.53 128.397
0 24 1164.53 716.636
1 24 1161.55 728.58
2 24 1158.56 737.538
0 25 1099.84 761.426
1 25 1094.86 776.356
2 25 1086.9 788.3
0 26 1104.81 770.384
1 26 1098.84 785.314
2 26 1092.87 797.258
0 27 1313.83 764.412
1 27 1313.83 779.342
2 27 1313.83 791.286
0 28 1117.26 689.265
1 28 1112.28 699.218
2 28 1107.8 707.678
0 29 1315.03 243.656
1 29 1315.03 243.656
2 29 1313.83 238.879
0 30 1313.83 764.412
1 30 1313.83 779.342
2 30 1315.03 788.3
0 31 1104.81 770.384
1 31 1100.04 784.717
2 31 1092.87 795.466
0 32 1168.12 139.744
1 32 1168.12 136.161
2 32 1164.53 128.995
0 33 1315.03 243.656
1 33 1315.03 243.656
2 33 1315.03 236.49
0 34 1636.32 773.37
1 34 1644.68 788.3
2 34 1648.26 799.05
