52
0 0 1616.4 73.2
1 0 1578 79.2
2 0 1545.6 76.8
0 1 1324.8 470.88
1 1 1287.36 488.16
2 1 1260 501.6
0 2 1369.2 51.6
1 2 1332 57.6
2 2 1299.6 58.8
0 3 1448.4 58.8
1 3 1410 64.8
2 3 1377.6 64.8
0 4 1454.4 67.68
1 4 1416.96 73.44
2 4 1385.28 73.44
0 5 1409.76 83.52
1 5 1373.76 89.28
2 5 1340.64 90.72
0 6 1419.84 72
1 6 1382.4 77.76
2 6 1350.72 79.2
0 7 1500.48 63.36
1 7 1463.04 69.12
2 7 1431.36 67.68
0 8 1487.52 63.36
1 8 1562.4 77.76
2 8 1418.4 67.68
0 9 1408.32 56.16
1 9 1370.88 61.92
2 9 1337.76 61.92
0 10 1324.8 470.88
1 10 1287.6 488.4
2 10 1260 502.56
0 11 1320.48 468
1 11 1283.04 485.28
2 11 1254.24 499.68
0 12 1461.6 60.48
1 12 1424.16 66.24
2 12 1391.04 66.24
0 13 1566.72 77.76
1 13 1529.28 83.52
2 13 1497.6 82.08
0 14 1815.84 97.92
1 14 1775.52 102.24
2 14 1742.4 97.92
0 15 1324.8 470.88
1 15 1285.63 487.296
2 15 1259.71 501.12
0 16 1454.98 67.392
1 16 1418.69 72.576
2 16 1385.86 72.576
0 17 1411.78 74.304
1 17 1373.76 81.216
2 17 1342.66 81.216
0 18 1340.93 57.024
1 18 1304.64 62.208
2 18 1271.81 63.936
0 19 1375.49 60.48
1 19 1339.2 65.664
2 19 1306.37 67.392
0 20 1472.26 60.48
1 20 1434.24 65.664
2 20 1403.14 65.664
0 21 1461.89 60.48
1 21 1425.6 65.664
2 21 1392.77 65.664
0 22 1420.42 76.032
1 22 1382.4 81.216
2 22 1351.3 82.944
0 23 1631.23 77.76
1 23 1593.22 84.672
2 23 1560.38 81.216
0 24 1629.5 74.304
1 24 1591.49 79.488
2 24 1558.66 77.76
0 25 1487.81 62.208
1 25 1451.52 69.12
2 25 1418.69 67.392
0 26 1416.27 78.7968
1 26 1378.94 85.0176
2 26 1347.84 87.0912
0 27 1613.26 72.576
1 27 1575.94 78.7968
2 27 1542.76 76.7232
0 28 1584.23 70.5024
1 28 1546.91 76.7232
2 28 1513.73 74.6496
0 29 1455.67 66.3552
1 29 1418.34 72.576
2 29 1387.24 72.576
0 30 1320.88 468.634
1 30 1283.9 485.568
2 30 1254.53 499.738
0 31 1320.88 468.634
1 31 1283.97 487.711
2 31 1256.6 500.152
0 32 1283.56 804.557
1 32 1250.38 823.219
2 32 1231.72 838.564
0 33 1418.34 92.0679
1 33 1381.02 99.5328
2 33 1348.67 99.5328
0 34 1769.2 84.6029
1 34 1726.89 89.5795
2 34 1694.55 84.6029
0 35 1319.81 471.786
1 35 1283.97 489.702
2 35 1254.11 501.645
0 36 1283.97 806.216
1 36 1251.13 824.132
2 36 1233.21 839.062
0 37 1275.02 806.216
1 37 1242.17 824.132
2 37 1224.25 839.062
0 38 1681.11 815.174
1 38 1648.26 830.104
2 38 1633.33 836.076
0 39 1116.76 280.683
1 39 1083.91 286.655
2 39 1054.05 295.612
0 40 615.113 200.061
1 40 561.365 217.977
2 40 513.589 241.865
0 41 1680.51 813.382
1 41 1648.26 827.715
2 41 1630.35 834.881
0 42 1275.02 806.216
1 42 1242.17 824.132
2 42 1221.86 842.048
0 43 1286.36 802.633
1 43 1250.53 824.132
2 43 1232.61 838.465
0 44 1279.2 795.466
1 44 1246.95 813.382
2 44 1229.03 827.715
0 45 1479.85 730.969
1 45 1447.61 748.885
2 45 1429.69 756.051
0 46 1319.81 471.786
1 46 1283.97 489.702
2 46 1254.11 501.645
0 47 616.307 200.658
1 47 562.56 218.574
2 47 515.978 240.073
0 48 1272.03 809.799
1 48 1236.2 834.881
2 48 1218.28 849.214
0 49 1116.76 280.683
1 49 1083.91 286.655
2 49 1053.46 293.821
0 50 515.978 189.909
1 50 458.647 204.241
2 50 408.483 229.324
0 51 507.617 191.103
1 51 451.481 207.825
2 51 401.316 232.907
