31
0 0 1329.12 620.64
1 0 1328.4 622.8
2 0 1328.4 632.4
0 1 1324.8 614.88
1 1 1323.36 617.76
2 1 1323.36 627.84
0 2 1329.12 620.64
1 2 1329.12 622.08
2 2 1329.12 632.16
0 3 1512 151.2
1 3 1513.44 136.8
2 3 1516.32 135.36
0 4 1328.83 620.352
1 4 1328.83 622.08
2 4 1328.83 632.448
0 5 1480.9 459.648
1 5 1482.62 454.464
2 5 1486.08 459.648
0 6 1121.47 686.016
1 6 1114.56 689.472
2 6 1111.1 701.568
0 7 1175.04 713.664
1 7 1173.31 720.576
2 7 1169.86 732.672
0 8 1099.01 93.312
1 8 1090.37 79.488
2 8 1090.37 76.032
0 9 1320.19 618.624
1 9 1320.19 620.352
2 9 1320.19 630.72
0 10 1589.76 445.824
1 10 1594.6 439.603
2 10 1598.75 443.75
0 11 1111.45 761.011
1 11 1107.3 769.306
2 11 1101.08 785.895
0 12 1766.71 149.299
1 12 1772.93 134.784
2 12 1775 134.784
0 13 1096.93 93.312
1 13 1090.71 80.8704
2 13 1090.71 76.7232
0 14 1121.82 686.362
1 14 1114.56 689.472
2 14 1111.45 700.877
0 15 1515.39 156.764
1 15 1515.39 141.834
2 15 1520.36 141.834
0 16 1112.28 761.426
1 16 1104.81 768.891
2 16 1099.84 786.309
0 17 1097.35 92.0679
1 17 1089.88 82.1146
2 17 1089.88 77.1379
0 18 1314.66 756.864
1 18 1314.66 765.159
2 18 1316.32 778.844
0 19 1312.59 761.011
1 19 1313.83 768.891
2 19 1313.83 783.821
0 20 1764.22 139.346
1 20 1769.2 124.416
2 20 1774.17 124.416
0 21 1122.23 684.288
1 21 1117.26 689.265
2 21 1112.28 699.218
0 22 1313.83 761.426
1 22 1313.83 770.384
2 22 1313.83 785.314
0 23 1313.83 758.44
1 23 1313.83 764.412
2 23 1313.83 779.342
0 24 1764.72 149.299
1 24 1770.69 134.369
2 24 1776.66 134.369
0 25 1171.7 150.494
1 25 1168.12 139.744
2 25 1168.12 136.161
0 26 1791.59 157.66
1 26 1798.76 143.327
2 26 1805.92 143.327
0 27 1515.69 154.077
1 27 1515.69 139.744
2 27 1519.27 139.744
0 28 1110.79 761.426
1 28 1104.81 770.384
2 28 1100.04 784.717
0 29 1630.35 763.218
1 29 1637.51 770.384
2 29 1644.68 788.3
0 30 1478.06 456.856
1 30 1480.55 450.386
2 30 1483.44 455.064
