58
0 0 38 777
1 0 79 776
2 0 125 783
0 1 38 777
1 1 79.2 776.4
2 1 124.8 783.6
0 2 416.4 565.2
1 2 456 570
2 2 501.6 578.4
0 3 96 612
1 3 138.24 613.44
2 3 183.6 620.4
0 4 38 777
1 4 77.76 776.16
2 4 123.84 783.36
0 5 997.92 745.92
1 5 1042.56 761.76
2 5 1095.84 779.04
0 6 96.48 612
1 6 138.24 613.44
2 6 184.32 620.64
0 7 1042.56 799.2
1 7 1090.08 816.48
2 7 1144.8 836.64
0 8 1051.2 800.64
1 8 1097.28 817.344
2 8 1153.44 838.08
0 9 884.736 729.216
1 9 927.936 743.04
2 9 976.32 758.592
0 10 418.176 551.232
1 10 457.92 556.416
2 10 502.848 565.056
0 11 1050.62 800.064
1 11 1097.28 817.344
2 11 1152.58 836.352
0 12 421.632 546.048
1 12 461.376 551.232
2 12 506.304 559.872
0 13 1009.15 791.424
1 13 1055.81 808.704
2 13 1107.65 825.984
0 14 397.44 554.688
1 14 437.184 558.144
2 14 483.84 566.784
0 15 96.768 611.712
1 15 138.24 613.44
2 15 183.168 620.352
0 16 794.88 739.584
1 16 836.352 749.952
2 16 883.008 765.504
0 17 1045.44 800.64
1 17 1090.37 817.344
2 17 1143.94 836.352
0 18 782.784 748.224
1 18 824.256 760.32
2 18 870.912 774.144
0 19 998.784 746.496
1 19 1043.71 762.048
2 19 1097.28 779.328
0 20 318.505 900.772
1 20 358.56 904.32
2 20 400.896 915.84
0 21 885.427 729.907
1 21 926.899 742.349
2 21 976.666 758.938
0 22 97.4592 613.786
1 22 136.858 613.786
2 22 184.55 622.08
0 23 794.189 675.994
1 23 835.661 688.435
2 23 883.354 700.877
0 24 414.72 555.725
1 24 454.118 559.872
2 24 499.738 568.167
0 25 999.475 746.496
1 25 1045.09 761.011
2 25 1099.01 779.674
0 26 318.505 900.772
1 26 358.56 904.32
2 26 400.205 916.531
0 27 398.131 553.651
1 27 437.53 557.798
2 27 483.149 566.093
0 28 1000.3 744.008
1 28 1045.09 761.426
2 28 1099.84 778.844
0 29 1050.07 798.751
1 29 1097.35 816.169
2 29 1152.09 836.076
0 30 97.0445 614.615
1 30 136.858 614.615
2 30 184.136 622.08
0 31 788.798 674.335
1 31 831.099 686.776
2 31 878.377 699.218
0 32 793.774 676.823
1 32 835.661 688.435
2 32 883.354 701.706
0 33 176.671 975.422
1 33 213.996 977.91
2 33 256.297 990.352
0 34 318.505 900.772
1 34 358.733 904.09
2 34 400.62 915.702
0 35 793.774 736.543
1 35 836.076 748.984
2 35 883.354 763.914
0 36 781.333 666.87
1 36 821.146 676.823
2 36 868.424 689.265
0 37 878.377 691.753
1 37 920.679 704.195
2 37 970.445 719.125
0 38 779.342 674.833
1 38 821.146 686.776
2 38 865.936 698.72
0 39 761.426 689.763
1 39 803.23 701.706
2 39 848.02 713.65
0 40 788.3 674.833
1 40 830.104 686.776
2 40 877.88 698.72
0 41 421.024 549.421
1 41 462.828 552.407
2 41 507.617 561.365
0 42 438.94 740.524
1 42 477.758 746.496
2 42 519.561 758.44
0 43 1009.26 791.286
1 43 1057.04 809.202
2 43 1107.8 827.118
0 44 1000.3 746.496
1 44 1045.09 761.426
2 44 1098.84 779.342
0 45 95.5515 615.113
1 45 137.355 615.113
2 45 185.131 624.071
0 46 319.5 904.753
1 46 358.733 904.09
2 46 400.122 916.697
0 47 877.88 692.748
1 47 919.683 704.692
2 47 970.445 719.622
0 48 759.635 709.47
1 48 802.633 720.22
2 48 849.214 734.552
0 49 766.801 727.386
1 49 806.216 738.135
2 49 852.797 752.468
0 50 784.717 666.472
1 50 827.715 677.221
2 50 870.713 687.971
0 51 788.3 673.638
1 51 831.298 684.388
2 51 877.88 698.72
0 52 318.505 900.772
1 52 354.735 906.545
2 52 397.733 917.295
0 53 1049.87 795.466
1 53 1096.45 813.382
2 53 1150.2 834.881
0 54 1000.3 746.496
1 54 1046.29 759.635
2 54 1100.04 777.55
0 55 95.5515 615.113
1 55 139.744 616.307
2 55 186.325 623.474
0 56 1010.46 791.883
1 56 1057.04 806.216
2 56 1107.2 824.132
0 57 1031.96 802.633
1 57 1078.54 820.549
2 57 1132.29 838.465
