37
0 0 1502.4 543.6
1 0 1512 555.6
2 0 1520.4 561.6
0 1 1323.65 466.56
1 1 1327.1 475.2
2 1 1330.56 480.384
0 2 1321.92 470.016
1 2 1327.1 480.384
2 2 1330.56 485.568
0 3 1339.2 478.656
1 3 1346.11 489.024
2 3 1349.57 494.208
0 4 1240.7 749.952
1 4 1244.16 762.048
2 4 1249.34 768.96
0 5 1314.72 498.24
1 5 1320.19 508.032
2 5 1323.65 514.944
0 6 701.568 730.944
1 6 696.73 741.52
2 6 692.928 753.408
0 7 701.706 729.078
1 7 696.73 741.52
2 7 692.583 752.717
0 8 1314.66 497.664
1 8 1318.81 508.032
2 8 1322.96 514.253
0 9 1339.55 479.002
1 9 1345.77 489.37
2 9 1349.91 495.59
0 10 1567.64 603.418
1 10 1580.08 617.933
2 10 1590.45 624.154
0 11 1325.03 466.56
1 11 1329.18 474.854
2 11 1333.32 481.075
0 12 1189.42 766.403
1 12 1191.91 778.844
2 12 1196.88 786.309
0 13 1567.64 602.174
1 13 1577.6 619.592
2 13 1590.04 624.568
0 14 701.706 729.078
1 14 696.73 741.52
2 14 691.753 753.961
0 15 1325.03 466.56
1 15 1331.25 475.269
2 15 1333.74 480.246
0 16 1321.3 470.293
1 16 1328.76 480.246
2 16 1331.25 485.223
0 17 1343.69 472.781
1 17 1348.67 482.734
2 17 1353.65 487.711
0 18 1313.83 497.664
1 18 1318.81 507.617
2 18 1323.79 515.082
0 19 1318.81 507.617
1 19 1321.3 517.571
2 19 1326.27 525.036
0 20 1326.27 505.129
1 20 1331.25 515.082
2 20 1336.23 520.059
0 21 1325.78 465.814
1 21 1331.75 474.772
2 21 1334.74 480.744
0 22 698.72 731.566
1 22 696.73 741.52
2 22 689.763 755.454
0 23 1337.72 477.758
1 23 1340.71 486.716
2 23 1346.68 492.688
0 24 668.861 856.978
1 24 659.903 874.894
2 24 656.917 892.809
0 25 1316.82 510.603
1 25 1322.79 519.561
2 25 1325.78 525.533
0 26 1495.98 534.491
1 26 1507.92 546.435
2 26 1513.89 552.407
0 27 151.373 881.28
1 27 132.578 902.962
2 27 114.662 928.044
0 28 1221.86 730.969
1 28 1225.45 741.719
2 28 1229.03 748.885
0 29 1336.53 476.563
1 29 1343.69 487.313
2 29 1347.28 490.896
0 30 1311.44 487.313
1 30 1318.61 498.062
2 30 1322.19 505.229
0 31 1565.85 601.975
1 31 1576.6 616.307
2 31 1587.35 623.474
0 32 1332.94 494.479
1 32 1340.11 505.229
2 32 1343.69 512.395
0 33 1189.62 763.218
1 33 1193.2 777.55
2 33 1196.78 784.717
0 34 1325.78 505.229
1 34 1332.94 515.978
2 34 1336.53 519.561
0 35 698.72 730.969
1 35 691.554 745.302
2 35 687.971 756.051
0 36 763.218 576.892
1 36 756.051 591.225
2 36 752.468 601.975
