60
0 0 703 911
1 0 715 908
2 0 727 905
0 1 901.2 768
1 1 915.6 768
2 1 928.8 768
0 2 742.8 974.4
1 2 754.8 970.8
2 2 766.8 968.4
0 3 615.6 892.8
1 3 627.6 889.2
2 3 639.6 885.6
0 4 747.6 891.6
1 4 759.6 888
2 4 771.6 885.6
0 5 260.928 789.696
1 5 273.6 784.8
2 5 286.56 781.92
0 6 745.92 887.04
1 6 757.44 884.16
2 6 770.4 881.28
0 7 901.44 767.52
1 7 915.84 768.96
2 7 928.8 767.52
0 8 898.56 705.6
1 8 912.96 705.6
2 8 927.36 705.6
0 9 606.24 704.16
1 9 619.2 701.28
2 9 632.16 698.4
0 10 803.52 698.112
1 10 817.344 698.112
2 10 830.88 696.96
0 11 900 684
1 11 914.4 685.44
2 11 928.8 685.44
0 12 823.68 993.6
1 12 836.64 990.72
2 12 848.16 987.84
0 13 741.6 974.88
1 13 754.56 972
2 13 766.08 969.12
0 14 581.76 711.36
1 14 594.72 707.04
2 14 606.24 704.16
0 15 746.496 886.464
1 15 758.592 883.008
2 15 770.688 881.28
0 16 810.778 702.951
1 16 923.167 773.868
2 16 836.352 701.568
0 17 606.528 703.296
1 17 618.624 701.568
2 17 632.448 698.112
0 18 902.016 768.96
1 18 915.84 768.96
2 18 929.664 768.96
0 19 611.712 784.512
1 19 623.808 781.056
2 19 635.904 777.6
0 20 687.744 919.296
1 20 699.84 915.84
2 20 711.936 912.384
0 21 261.274 790.042
1 21 273.715 785.895
2 21 285.12 784.512
0 22 829.44 1007.42
1 22 841.536 1003.97
2 22 853.632 1002.24
0 23 580.608 711.936
1 23 592.704 708.48
2 23 604.8 705.024
0 24 822.528 986.688
1 24 834.624 983.232
2 24 848.448 981.504
0 25 672.192 900.288
1 25 684.288 896.832
2 25 696.384 893.376
0 26 611.712 783.821
1 26 624.154 779.674
2 26 636.595 777.6
0 27 910.725 773.868
1 27 824.256 701.568
2 27 937.267 773.453
0 28 902.016 768.96
1 28 915.84 768.96
2 28 928.973 769.306
0 29 823.219 987.034
1 29 835.661 984.96
2 29 848.103 982.887
0 30 261.274 790.042
1 30 273.715 785.895
2 30 286.157 781.747
0 31 572.314 794.189
1 31 584.755 790.042
2 31 597.197 787.968
0 32 580.608 711.245
1 32 593.05 707.098
2 32 605.491 705.024
0 33 910.725 773.868
1 33 824.256 701.568
2 33 938.097 773.868
0 34 903.26 768.891
1 34 916.531 769.306
2 34 930.632 768.891
0 35 804.557 698.803
1 35 818.657 699.218
2 35 831.099 696.73
0 36 624.568 699.218
1 36 637.01 696.73
2 36 649.452 694.241
0 37 259.781 791.286
1 37 273.715 785.895
2 37 286.157 781.333
0 38 701.706 910.725
1 38 714.148 908.237
2 38 724.101 905.749
0 39 744.008 885.842
1 39 756.449 883.354
2 39 768.891 880.865
0 40 823.634 987.863
1 40 836.076 985.375
2 40 848.517 982.887
0 41 572.314 793.774
1 41 584.755 788.798
2 41 597.197 786.309
0 42 612.127 783.821
1 42 624.568 778.844
2 42 637.01 776.356
0 43 609.141 836.076
1 43 621.085 833.09
2 43 633.029 830.104
0 44 618.099 851.006
1 44 630.043 848.02
2 44 641.987 845.034
0 45 579.281 713.65
1 45 591.225 710.664
2 45 603.169 704.692
0 46 719.622 955.515
1 46 731.566 952.529
2 46 743.51 949.543
0 47 597.197 821.146
1 47 609.141 818.16
2 47 621.085 815.174
0 48 806.216 701.706
1 48 917.295 770.384
2 48 833.09 698.72
0 49 606.155 707.678
1 49 621.085 701.706
2 49 633.029 698.72
0 50 259.781 791.286
1 50 273.715 785.895
2 50 286.655 782.328
0 51 901.767 770.384
1 51 916.531 769.306
2 51 928.641 770.384
0 52 570.323 794.272
1 52 582.267 791.286
2 52 594.211 788.3
0 53 666.472 899.379
1 53 680.805 895.795
2 53 691.554 892.212
0 54 648.556 881.463
1 54 662.889 877.88
2 54 673.638 874.296
0 55 609.141 702.304
1 55 619.89 698.72
2 55 634.223 695.137
0 56 576.892 713.053
1 56 591.225 710.664
2 56 601.975 705.887
0 57 906.545 705.887
1 57 920.878 705.887
2 57 935.21 705.887
0 58 902.962 770.384
1 58 917.295 770.384
2 58 931.627 770.384
0 59 580.475 806.216
1 59 594.808 802.633
2 59 605.558 799.05
