36
0 0 812.4 459.6
1 0 824.4 501.6
2 0 835.2 536.4
0 1 812.16 461.376
1 1 825.984 504.576
2 1 834.624 537.408
0 2 501.12 879.552
1 2 506.304 927.936
2 2 511.488 962.496
0 3 1437.7 758.592
1 3 1461.89 816.999
2 3 1479.17 862.272
0 4 803.52 421.632
1 4 817.344 463.104
2 4 825.984 497.664
0 5 70.5024 673.92
1 5 72.576 713.318
2 5 76.7232 740.275
0 6 611.712 371.174
1 6 624.568 410.573
2 6 634.522 441.677
0 7 812.851 460.339
1 7 825.293 503.885
2 7 835.661 537.062
0 8 698.803 418.867
1 8 711.245 460.339
2 8 721.613 491.443
0 9 701.568 715.392
1 9 707.098 761.011
2 9 713.318 792.115
0 10 612.127 370.76
1 10 624.568 410.573
2 10 634.522 442.921
0 11 209.019 716.636
1 11 209.019 756.449
2 11 213.996 786.309
0 12 196.577 691.753
1 12 199.066 729.078
2 12 204.042 758.938
0 13 1399.68 750.643
1 13 1423.32 808.704
2 13 1440.74 853.494
0 14 505.129 878.377
1 14 510.106 928.144
2 14 515.082 962.98
0 15 698.72 713.65
1 15 706.683 758.938
2 15 711.66 791.286
0 16 606.155 364.29
1 16 618.099 403.108
2 16 630.043 435.954
0 17 194.089 707.678
1 17 196.577 746.496
2 17 200.061 776.356
0 18 612.127 370.262
1 18 624.071 412.066
2 18 633.029 441.926
0 19 259.781 271.725
1 19 268.739 307.556
2 19 280.683 334.43
0 20 588.239 385.192
1 20 600.183 424.01
2 20 609.141 456.856
0 21 489.702 868.922
1 21 495.673 916.697
2 21 501.645 952.529
0 22 812.188 459.842
1 22 827.118 504.631
2 22 836.076 537.477
0 23 1570.63 698.72
1 23 1594.52 758.44
2 23 1615.42 803.23
0 24 698.72 713.65
1 24 706.683 758.938
2 24 710.664 791.286
0 25 594.211 421.024
1 25 606.155 459.842
2 25 615.113 492.688
0 26 504.631 877.88
1 26 510.603 928.641
2 26 516.575 961.487
0 27 197.075 689.763
1 27 197.075 728.58
2 27 203.047 758.44
0 28 480.744 868.922
1 28 483.73 916.697
2 28 489.702 952.529
0 29 587.642 383.4
1 29 598.391 422.815
2 29 609.141 455.064
0 30 587.642 404.9
1 30 598.391 444.315
2 30 609.141 476.563
0 31 194.089 707.678
1 31 193.492 748.885
2 31 197.075 777.55
0 32 605.558 369.068
1 32 616.307 408.483
2 32 627.057 440.731
0 33 981.792 870.713
1 33 992.541 924.461
2 33 999.708 963.876
0 34 698.72 713.65
1 34 705.887 756.051
2 34 709.47 788.3
0 35 813.382 458.647
1 35 827.715 501.645
2 35 834.881 533.894
