29
0 0 914.112 345.6
1 0 930.24 397.44
2 0 950.4 423.36
0 1 974.592 84.672
1 1 993.6 138.24
2 1 1017.79 165.888
0 2 976.32 91.584
1 2 995.328 145.152
2 2 1021.25 174.528
0 3 914.458 346.291
1 3 931.047 396.058
2 3 949.709 423.014
0 4 937.267 80.8704
1 4 953.856 134.784
2 4 978.739 161.741
0 5 199.066 537.477
1 5 209.434 593.05
2 5 226.022 622.08
0 6 991.181 89.1648
1 6 1009.84 143.078
2 6 1034.73 172.109
0 7 1143.94 148.608
1 7 1165.36 203.213
2 7 1194.39 232.243
0 8 1144.63 149.299
1 8 1167.02 204.042
2 8 1194.39 233.902
0 9 1084.91 577.29
1 9 1109.79 634.522
2 9 1139.65 671.847
0 10 975.422 84.6029
1 10 995.328 139.346
2 10 1020.21 166.717
0 11 485.223 435.456
1 11 497.664 487.711
2 11 515.082 515.082
0 12 199.066 537.477
1 12 209.434 593.05
2 12 226.437 622.08
0 13 914.458 346.291
1 13 931.047 396.058
2 13 950.538 423.014
0 14 990.352 89.5795
1 14 1010.26 144.323
2 14 1035.14 171.694
0 15 1069.98 649.452
1 15 1094.86 709.171
2 15 1122.23 746.496
0 16 1149.6 154.276
1 16 1172 209.019
2 16 1201.86 238.879
0 17 1667.17 276.204
1 17 1702.01 333.435
2 17 1749.29 370.76
0 18 1066 797.258
1 18 1092.87 862.95
2 18 1122.73 907.739
0 19 483.73 435.954
1 19 498.659 489.702
2 19 516.575 516.575
0 20 474.772 447.898
1 20 489.702 501.645
2 20 507.617 528.519
0 21 394.15 372.651
1 21 406.094 426.996
2 21 421.024 453.87
0 22 200.061 540.463
1 22 211.507 594.709
2 22 229.324 623.474
0 23 422.815 634.223
1 23 433.565 691.554
2 23 451.481 723.803
0 24 394.15 372.651
1 24 406.094 426.996
2 24 419.232 451.481
0 25 935.21 727.386
1 25 960.293 784.717
2 25 981.792 824.132
0 26 483.73 433.565
1 26 498.062 487.313
2 26 515.978 515.978
0 27 917.295 343.985
1 27 935.21 394.15
2 27 953.126 422.815
0 28 958.003 582.267
1 28 978.209 637.806
2 28 1003.29 673.638
