31
0 0 984 174
1 0 960 190.8
2 0 916.8 223.2
0 1 1529.28 592.704
1 1 1503.36 603.072
2 1 1463.62 627.264
0 2 1510.27 594.432
1 2 1486.08 604.8
2 2 1446.34 628.992
0 3 1651.97 425.088
1 3 1622.59 433.728
2 3 1579.39 456.192
0 4 1304.64 926.208
1 4 1283.9 943.488
2 4 1249.34 976.32
0 5 1513.73 630.72
1 5 1489.54 642.816
2 5 1449.79 667.008
0 6 1660.61 686.016
1 6 1632.96 696.384
2 6 1594.94 718.848
0 7 983.232 172.8
1 7 959.04 190.08
2 7 917.568 222.912
0 8 1356.13 64.2816
1 8 1327.1 78.7968
2 8 1283.56 105.754
0 9 982.887 172.109
1 9 958.003 190.771
2 9 914.458 223.949
0 10 1657.22 420.526
1 10 1627.36 430.479
2 10 1582.16 454.118
0 11 1782.63 671.847
1 11 1752.19 679.104
2 11 1710.72 700.877
0 12 1513.73 632.448
1 12 1488.84 642.816
2 12 1449.45 667.699
0 13 1515.39 632.033
1 13 1490.5 641.987
2 13 1450.69 666.87
0 14 1318.81 935.609
1 14 1298.9 953.027
2 14 1264.07 985.375
0 15 1782.63 671.847
1 15 1752.77 680.805
2 15 1711.96 701.706
0 16 972.933 181.647
1 16 948.05 199.066
2 16 905.749 231.414
0 17 907.739 665.875
1 17 883.852 683.791
2 17 845.034 719.622
0 18 982.389 173.187
1 18 955.515 191.103
2 18 913.711 223.949
0 19 1659.71 684.288
1 19 1633.33 695.734
2 19 1591.53 716.636
0 20 1513.89 633.029
1 20 1490.01 641.987
2 20 1451.19 668.861
0 21 1304.88 928.641
1 21 1283.97 946.557
2 21 1248.14 979.403
0 22 970.445 182.145
1 22 946.557 200.061
2 22 904.753 232.907
0 23 1657.22 420.526
1 23 1627.36 429.982
2 23 1582.57 450.884
0 24 1340.71 552.407
1 24 1316.82 564.351
2 24 1278 591.225
0 25 1528.82 143.327
1 25 1498.96 155.271
2 25 1454.17 179.159
0 26 1780.84 670.055
1 26 1752.77 680.805
2 26 1710.97 701.706
0 27 906.545 662.889
1 27 885.046 680.805
2 27 845.631 716.636
0 28 1515.69 630.64
1 28 1490.6 641.39
2 28 1451.19 666.472
0 29 827.118 880.866
1 29 806.216 901.767
2 29 766.801 942.377
0 30 1780.84 670.055
1 30 1752.77 680.805
2 30 1712.76 702.304
