15
0 0 933.12 715.392
1 0 967.68 737.856
2 0 1000.51 755.136
0 1 1002.24 88.128
1 1 1035.07 100.224
2 1 1064.45 107.136
0 2 109.901 456.192
1 2 128.563 470.707
2 2 151.373 485.222
0 3 447.898 945.562
1 3 483.149 972.519
2 3 518.4 995.328
0 4 447.898 945.562
1 4 482.734 972.933
2 4 517.571 995.328
0 5 442.921 109.486
1 5 462.828 119.439
2 5 482.734 126.904
0 6 413.061 380.713
1 6 435.456 395.643
2 6 452.874 405.596
0 7 394.15 367.276
1 7 412.066 379.22
2 7 432.968 391.164
0 8 385.192 379.22
1 8 403.108 391.164
2 8 424.01 403.108
0 9 331.444 543.449
1 9 355.332 561.365
2 9 379.22 576.295
0 10 110.481 456.856
1 10 131.383 471.786
2 10 152.285 486.716
0 11 1602.48 296.11
1 11 1651.25 316.514
2 11 1699.03 328.458
0 12 394.15 365.485
1 12 412.066 379.817
2 12 433.565 390.567
0 13 946.557 570.323
1 13 978.209 591.225
2 13 1010.46 605.558
0 14 383.4 376.234
1 14 404.9 390.567
2 14 422.815 401.316
