39
0 0 1336.8 488.4
1 0 1335.6 482.4
2 0 1338 470.4
0 1 1336.32 489.6
1 1 1334.88 482.4
2 1 1337.76 470.88
0 2 1308.96 509.76
1 2 1306.08 504
2 2 1308.96 492.48
0 3 1316.16 475.2
1 3 1313.28 468
2 3 1316.16 456.48
0 4 1340.64 1025.28
1 4 1336.32 1023.84
2 4 1334.88 1016.64
0 5 1512 558.144
1 5 1515.46 552.96
2 5 1522.37 542.592
0 6 1321.92 514.944
1 6 1320.19 509.76
2 6 1321.92 497.664
0 7 1308.1 511.488
1 7 1306.37 504.576
2 7 1308.1 492.48
0 8 1315.01 480.384
1 8 1313.28 473.472
2 8 1315.01 461.376
0 9 1316.16 475.2
1 9 1313.28 468
2 9 1316.74 456.192
0 10 1340.93 1024.7
1 10 1337.47 1022.98
2 10 1335.74 1016.06
0 11 1507.51 547.43
1 11 1509.58 541.21
2 11 1515.8 530.842
0 12 1314.66 522.547
1 12 1312.59 516.326
2 12 1314.66 505.958
0 13 609.638 910.311
1 13 597.197 910.725
2 13 582.682 908.237
0 14 1320.88 516.326
1 14 1318.81 510.106
2 14 1320.88 499.738
0 15 1308.44 510.106
1 15 1306.37 503.885
2 15 1308.44 493.517
0 16 1586.3 626.227
1 16 1590.45 622.08
2 16 1598.75 613.786
0 17 1318.81 474.854
1 17 1314.66 468.634
2 17 1316.74 456.192
0 18 1685.84 530.842
1 18 1689.98 524.621
2 18 1700.35 514.253
0 19 653.184 752.717
1 19 640.742 748.57
2 19 628.301 738.202
0 20 1316.32 480.246
1 20 1313.83 474.772
2 20 1316.32 462.828
0 21 1173.66 785.895
1 21 1167.02 781.333
2 21 1164.53 771.379
0 22 1336.23 490.199
1 22 1333.74 482.734
2 22 1336.23 470.293
0 23 651.94 753.961
1 23 639.498 748.984
2 23 627.057 739.031
0 24 1311.34 522.547
1 24 1308.86 515.082
2 24 1311.34 502.641
0 25 615.113 901.767
1 25 603.169 901.767
2 25 588.239 898.781
0 26 1316.82 480.744
1 26 1313.83 474.772
2 26 1316.82 462.828
0 27 1319.81 474.772
1 27 1318.61 465.814
2 27 1319.81 456.856
0 28 1307.86 501.645
1 28 1304.88 495.673
2 28 1307.86 483.73
0 29 1307.86 510.603
1 29 1304.88 504.631
2 29 1307.86 492.688
0 30 648.556 752.468
1 30 639.001 749.482
2 30 624.071 740.524
0 31 1585.56 624.071
1 31 1588.54 621.085
2 31 1597.5 612.127
0 32 513.589 791.286
1 32 498.659 788.3
2 32 480.744 782.328
0 33 1311.44 519.561
1 33 1307.86 512.395
2 33 1311.44 501.645
0 34 1322.19 515.978
1 34 1318.61 508.812
2 34 1322.19 498.062
0 35 616.307 899.379
1 35 601.975 899.379
2 35 587.642 895.795
0 36 1322.19 472.98
1 36 1318.61 465.814
2 36 1322.19 455.064
0 37 650.945 755.454
1 37 639.001 749.482
2 37 623.474 741.719
0 38 512.395 788.3
1 38 498.062 784.717
2 38 480.146 777.55
