54
0 0 1213.92 512.64
1 0 1183.68 521.28
2 0 1152 531.6
0 1 1714.8 72
1 1 1684.8 70.8
2 1 1652.4 78
0 2 1713.6 72
1 2 1683.36 70.56
2 2 1651.68 77.76
0 3 1213.92 512.64
1 3 1183.68 521.28
2 3 1152 531.36
0 4 1288.8 66.24
1 4 1260 64.8
2 4 1231.2 70.56
0 5 1293.12 87.84
1 5 1264.32 86.4
2 5 1235.52 92.16
0 6 1304.64 63.36
1 6 1275.84 61.92
2 6 1247.04 66.24
0 7 1497.6 56.16
1 7 1468.8 54.72
2 7 1438.56 60.48
0 8 1816.13 65.664
1 8 1785.02 63.936
2 8 1717.63 70.848
0 9 1766.02 63.936
1 9 1669.25 60.48
2 9 1736.64 70.848
0 10 1510.27 65.664
1 10 1480.9 63.936
2 10 1451.52 70.848
0 11 1387.58 65.664
1 11 1359.94 63.936
2 11 1330.56 70.848
0 12 1304.64 67.392
1 12 1275.26 65.664
2 12 1247.62 70.848
0 13 1216.79 515.082
1 13 1184.03 522.547
2 13 1154.3 532.224
0 14 1213.92 512.64
1 14 1183.68 521.28
2 14 1150.85 532.224
0 15 1294.27 70.848
1 15 1266.62 69.12
2 15 1237.25 74.304
0 16 1515.46 62.208
1 16 1486.08 60.48
2 16 1456.7 67.392
0 17 1215.13 514.253
1 17 1184.03 522.547
2 17 1152.92 532.915
0 18 1849.65 74.6496
1 18 1818.55 72.576
2 18 1785.37 80.8704
0 19 1300.15 74.6496
1 19 1271.12 72.576
2 19 1242.09 78.7968
0 20 1206.84 856.397
1 20 1177.8 866.765
2 20 1148.77 879.207
0 21 1816.47 74.6496
1 21 1785.37 72.576
2 21 1752.19 80.8704
0 22 1649.76 967.957
1 22 1619.9 975.422
2 22 1595.01 990.352
0 23 497.664 393.155
1 23 452.874 403.108
2 23 408.085 413.061
0 24 1216.79 515.082
1 24 1184.03 522.547
2 24 1154.58 532.501
0 25 1199.37 858.471
1 25 1169.51 868.424
2 25 1142.14 878.377
0 26 1206.84 855.982
1 26 1179.46 865.936
2 26 1149.6 878.377
0 27 1405.9 758.938
1 27 1376.04 768.891
2 27 1348.67 776.356
0 28 1799.06 447.898
1 28 1769.2 447.898
2 28 1739.34 452.874
0 29 617.104 731.566
1 29 577.29 744.008
2 29 537.477 758.938
0 30 1612.43 833.09
1 30 1582.57 839.062
2 30 1557.69 851.006
0 31 1403.41 761.426
1 31 1376.04 768.891
2 31 1346.68 779.342
0 32 1797.56 447.898
1 32 1770.09 444.315
2 32 1737.84 450.884
0 33 601.975 745.302
1 33 564.351 761.426
2 33 525.533 773.37
0 34 617.104 731.566
1 34 576.295 746.496
2 34 537.477 758.44
0 35 498.659 421.024
1 35 450.884 432.968
2 35 409.08 441.926
0 36 1200.37 853.992
1 36 1171.7 859.964
2 36 1143.63 874.894
0 37 1191.41 856.978
1 37 1161.55 865.936
2 37 1131.69 877.88
0 38 1206.34 856.978
1 38 1179.46 865.936
2 38 1149.6 877.88
0 39 1403.41 755.454
1 39 1376.54 761.426
2 39 1346.68 770.384
0 40 1012.25 298.598
1 40 982.389 301.584
2 40 952.529 304.57
0 41 1612.43 833.09
1 41 1582.57 839.062
2 41 1555.7 851.006
0 42 1612.43 831.298
1 42 1583.77 838.465
2 42 1555.1 849.214
0 43 1189.62 852.797
1 43 1160.95 863.547
2 43 1132.29 874.296
0 44 1404.61 759.635
1 44 1375.94 766.801
2 44 1347.28 777.55
0 45 601.975 745.302
1 45 562.56 759.635
2 45 523.145 773.967
0 46 616.307 730.969
1 46 576.892 745.302
2 46 537.477 756.051
0 47 1200.37 852.797
1 47 1171.7 859.964
2 47 1143.04 874.296
0 48 1214.7 515.978
1 48 1182.45 523.145
2 48 1153.78 533.894
0 49 1207.53 856.38
1 49 1178.87 867.13
2 49 1150.2 877.88
0 50 498.062 394.15
1 50 455.064 404.9
2 50 412.066 415.649
0 51 440.731 279.488
1 51 397.733 286.655
2 51 351.152 297.404
0 52 1012.25 298.598
1 52 981.792 300.987
2 52 953.126 304.57
0 53 1791.59 268.739
1 53 1762.93 268.739
2 53 1730.68 275.905
