28
0 0 1339 420
1 0 1339 421
2 0 1323 412
0 1 1308 406.8
1 1 1306.8 408
2 1 1288.8 397.2
0 2 1307.52 407.52
1 2 1306.08 407.52
2 2 1288.8 397.44
0 3 1307.52 407.52
1 3 1306.37 407.808
2 3 1289.09 397.44
0 4 1555.2 513.216
1 4 1562.11 516.672
2 4 1548.29 508.032
0 5 1343.69 412.646
1 5 1343.69 412.646
2 5 1327.1 402.278
0 6 1308.1 407.808
1 6 1306.37 407.808
2 6 1289.78 398.131
0 7 1582.16 505.958
1 7 1588.38 510.106
2 7 1575.94 501.811
0 8 1600.82 518.4
1 8 1609.11 522.547
2 8 1596.67 514.253
0 9 1588.38 514.253
1 9 1594.6 518.4
2 9 1582.16 510.106
0 10 1571.79 508.032
1 10 1580.08 512.179
2 10 1565.57 503.885
0 11 1065.83 758.938
1 11 1047.58 761.426
2 11 1012.75 751.473
0 12 1602.48 517.571
1 12 1609.94 522.547
2 12 1597.5 512.594
0 13 1311.34 403.108
1 13 1308.86 403.108
2 13 1291.44 393.155
0 14 1209.32 410.573
1 14 1201.86 408.085
2 14 1179.46 395.643
0 15 1572.62 507.617
1 15 1580.08 510.106
2 15 1567.64 502.641
0 16 1561.67 501.645
1 16 1567.64 504.631
2 16 1555.7 495.673
0 17 1564.66 495.673
1 17 1570.63 498.659
2 17 1558.68 489.702
0 18 1066 758.44
1 18 1048.08 761.426
2 18 1012.25 752.468
0 19 1298.9 447.898
1 19 1295.92 447.898
2 19 1278 438.94
0 20 1334.74 418.038
1 20 1334.74 421.024
2 20 1316.82 409.08
0 21 1307.86 409.08
1 21 1307.86 409.08
2 21 1289.95 400.122
0 22 1341.2 413.061
1 22 1340.71 412.066
2 22 1325.78 403.108
0 23 1218.28 262.767
1 23 1211.12 254.406
2 23 1191.41 241.865
0 24 1100.04 709.47
1 24 1082.12 709.47
2 24 1046.29 698.72
0 25 1307.86 409.08
1 25 1307.86 408.483
2 25 1289.95 401.316
0 26 1340.11 412.066
1 26 1340.11 412.066
2 26 1322.19 401.316
0 27 1067.79 756.051
1 27 1049.87 759.635
2 27 1014.04 752.468
