48
0 0 583.2 598.8
1 0 621.6 613.2
2 0 646.8 631.2
0 1 258 642
1 1 296.4 656.4
2 1 320.4 674.4
0 2 259.2 642.816
1 2 296.4 656.4
2 2 319.68 675.36
0 3 558.144 589.248
1 3 596.16 603.072
2 3 622.08 620.352
0 4 201.139 864.691
1 4 238.464 879.552
2 4 259.2 898.56
0 5 259.2 642.816
1 5 295.488 656.64
2 5 319.68 675.648
0 6 1260 878.4
1 6 1314.72 904.32
2 6 1358.21 929.664
0 7 1198.08 816.48
1 7 1251.07 839.808
2 7 1294.27 864
0 8 475.269 943.073
1 8 512.179 962.151
2 8 534.989 982.887
0 9 1258.68 877.133
1 9 1314.66 902.016
2 9 1358.21 928.973
0 10 201.139 864.691
1 10 238.464 879.207
2 10 259.2 899.943
0 11 1198.54 814.925
1 11 1252.45 839.808
2 11 1293.93 862.618
0 12 259.2 642.816
1 12 296.525 657.331
2 12 319.334 675.994
0 13 958.003 808.704
1 13 1001.55 829.44
2 13 1034.73 850.176
0 14 196.577 806.216
1 14 236.39 821.146
2 14 258.785 838.564
0 15 594.709 781.333
1 15 632.033 798.751
2 15 656.917 816.169
0 16 1060.02 793.774
1 16 1107.3 816.169
2 16 1144.63 838.564
0 17 967.957 729.078
1 17 1012.75 748.984
2 17 1047.58 768.891
0 18 964.224 727.834
1 18 1007.77 746.496
2 18 1042.61 766.403
0 19 1211.81 865.936
1 19 1264.07 890.819
2 19 1306.37 915.702
0 20 258.785 644.475
1 20 296.525 657.331
2 20 320.993 676.823
0 21 676.823 639.498
1 21 714.148 654.428
2 21 741.52 671.847
0 22 475.269 943.073
1 22 512.179 962.151
2 22 534.989 982.887
0 23 958.003 808.704
1 23 1002.79 828.611
2 23 1035.14 851.006
0 24 659.405 607.15
1 24 699.218 622.08
2 24 724.101 639.498
0 25 955.515 719.125
1 25 997.817 736.543
2 25 1032.65 756.449
0 26 474.772 946.557
1 26 510.603 964.473
2 26 534.491 985.375
0 27 1200.37 815.174
1 27 1254.11 839.062
2 27 1295.92 862.95
0 28 955.515 719.622
1 28 1000.3 737.538
2 28 1033.15 758.44
0 29 185.131 853.992
1 29 223.949 868.922
2 29 244.851 886.837
0 30 176.173 859.964
1 30 214.991 874.894
2 30 235.893 895.795
0 31 259.781 644.973
1 31 295.612 659.903
2 31 319.5 677.819
0 32 674.833 639.001
1 32 713.65 653.931
2 32 740.524 671.847
0 33 1206.34 806.216
1 33 1260.09 830.104
2 33 1301.89 853.992
0 34 1264.07 843.541
1 34 1319.81 868.922
2 34 1364.6 892.809
0 35 979.403 779.342
1 35 1024.19 800.244
2 35 1057.04 821.146
0 36 1257.7 874.296
1 36 1311.44 899.379
2 36 1354.44 924.461
0 37 193.492 806.216
1 37 232.907 820.549
2 37 254.406 838.465
0 38 935.21 734.552
1 38 981.792 756.051
2 38 1014.04 773.967
0 39 963.876 727.386
1 39 1006.87 745.302
2 39 1039.12 766.801
0 40 978.209 802.633
1 40 1024.79 824.132
2 40 1057.04 845.631
0 41 1200.37 813.382
1 41 1254.11 838.465
2 41 1297.11 859.964
0 42 182.742 852.797
1 42 218.574 867.13
2 42 240.073 885.046
0 43 956.71 716.636
1 43 1003.29 738.135
2 43 1035.54 756.051
0 44 1239.78 816.965
1 44 1293.53 842.048
2 44 1336.53 863.547
0 45 673.638 637.806
1 45 713.053 652.139
2 45 741.719 670.055
0 46 967.459 794.272
1 46 1014.04 813.382
2 46 1046.29 834.881
0 47 1261.28 838.465
1 47 1322.19 863.547
2 47 1365.19 888.629
