21
0 0 1228.32 730.08
1 0 1270.08 783.36
2 0 1310.4 855.36
0 1 1092.96 250.56
1 1 1124.64 288
2 1 1154.88 342.72
0 2 1092.1 248.832
1 2 1124.93 288.576
2 2 1154.3 342.144
0 3 268.739 698.72
1 3 286.655 743.51
2 3 298.598 806.216
0 4 562.36 587.244
1 4 584.755 629.545
2 4 602.174 686.776
0 5 1005.28 495.176
1 5 1033.15 534.491
2 5 1060.02 592.22
0 6 462.828 522.547
1 6 483.73 561.365
2 6 500.152 617.104
0 7 561.365 588.239
1 7 585.253 630.043
2 7 603.169 689.763
0 8 1098.84 226.935
1 8 1131.69 265.753
2 8 1161.55 319.5
0 9 268.739 698.72
1 9 286.655 741.719
2 9 298.598 806.216
0 10 462.828 522.547
1 10 483.73 561.365
2 10 498.659 618.099
0 11 1005.28 495.176
1 11 1033.15 534.491
2 11 1060.02 591.225
0 12 1080.93 238.879
1 12 1113.77 277.697
2 12 1143.63 331.444
0 13 1257.1 833.09
1 13 1301.89 889.823
2 13 1343.69 963.876
0 14 268.739 698.72
1 14 286.655 741.719
2 14 300.987 806.216
0 15 111.974 624.154
1 15 130.637 665.626
2 15 143.327 723.803
0 16 562.56 587.642
1 16 584.059 627.057
2 16 601.975 687.971
0 17 1089.29 222.157
1 17 1121.54 261.572
2 17 1150.2 315.32
0 18 1006.87 494.479
1 18 1035.54 533.894
2 18 1060.62 591.225
0 19 462.828 522.547
1 19 480.146 558.976
2 19 498.062 616.307
0 20 627.057 318.903
1 20 652.139 358.318
2 20 673.638 412.066
