48
0 0 222.912 720.576
1 0 262.656 708.48
2 0 297.216 696.384
0 1 457.92 501.12
1 1 495.59 493.517
2 1 533.952 483.84
0 2 181.44 361.152
1 2 224.64 352.512
2 2 266.112 342.144
0 3 618.624 447.552
1 3 654.912 442.368
2 3 691.2 435.456
0 4 611.712 419.904
1 4 648 412.992
2 4 686.016 407.808
0 5 516.326 393.984
1 5 553.651 385.69
2 5 592.704 378.432
0 6 1147.39 235.008
1 6 1185.41 231.552
2 6 1228.61 228.096
0 7 497.664 781.747
1 7 532.224 770.688
2 7 568.167 761.011
0 8 468.634 514.253
1 8 508.032 505.958
2 8 545.357 497.664
0 9 462.413 485.222
1 9 501.811 476.928
2 9 539.136 468.634
0 10 617.933 447.898
1 10 655.258 441.677
2 10 690.509 435.456
0 11 624.154 443.75
1 11 661.479 435.456
2 11 696.73 429.235
0 12 516.326 393.984
1 12 553.651 385.69
2 12 593.05 379.469
0 13 547.43 485.222
1 13 584.755 477.758
2 13 622.08 470.707
0 14 493.517 773.453
1 14 527.524 763.914
2 14 561.946 754.791
0 15 221.875 725.76
1 15 262.656 711.936
2 15 298.598 700.877
0 16 219.802 721.613
1 16 263.347 707.098
2 16 298.598 694.656
0 17 194.089 380.713
1 17 236.39 370.76
2 17 276.204 360.806
0 18 435.456 174.182
1 18 477.758 166.717
2 18 517.571 159.253
0 19 194.089 373.248
1 19 236.39 365.783
2 19 276.204 353.342
0 20 191.601 363.295
1 20 233.902 353.342
2 20 273.715 343.388
0 21 500.152 781.333
1 21 534.989 771.379
2 21 569.825 761.426
0 22 483.73 779.342
1 22 519.561 767.398
2 22 554.896 758.938
0 23 492.688 773.37
1 23 527.524 763.914
2 23 562.36 753.961
0 24 223.949 719.125
1 24 263.762 706.683
2 24 298.598 694.241
0 25 470.293 512.594
1 25 507.617 505.129
2 25 544.942 497.664
0 26 462.828 505.129
1 26 502.641 497.664
2 26 539.966 487.711
0 27 457.851 500.152
1 27 497.664 490.199
2 27 534.989 482.734
0 28 617.104 447.898
1 28 656.917 440.433
2 28 691.753 435.456
0 29 517.571 393.155
1 29 554.896 385.69
2 29 592.22 378.225
0 30 547.431 485.223
1 30 584.755 477.758
2 30 622.08 470.293
0 31 1169.51 445.409
1 31 1206.84 442.921
2 31 1246.65 440.433
0 32 435.954 173.187
1 32 476.563 164.826
2 32 516.575 158.257
0 33 492.688 773.37
1 33 527.524 763.914
2 33 561.365 752.468
0 34 487.296 777.6
1 34 519.561 767.398
2 34 552.407 758.44
0 35 630.043 421.024
1 35 668.861 415.052
2 35 704.692 409.08
0 36 501.645 782.328
1 36 534.989 771.379
2 36 570.323 761.426
0 37 1146.62 232.907
1 37 1185.44 229.921
2 37 1227.24 226.935
0 38 615.113 406.094
1 38 653.931 400.122
2 38 689.763 394.15
0 39 549.421 421.024
1 39 588.239 415.052
2 39 624.071 406.094
0 40 546.435 483.73
1 40 584.059 476.563
2 40 621.085 468.8
0 41 397.733 963.876
1 41 430.479 958.003
2 41 465.814 938.794
0 42 469.397 512.395
1 42 508.812 505.229
2 42 544.644 494.479
0 43 505.229 515.978
1 43 541.06 508.812
2 43 580.475 501.645
0 44 225.74 716.636
1 44 265.155 705.887
2 44 300.987 691.554
0 45 437.148 171.993
1 45 476.563 164.826
2 45 515.978 157.66
0 46 548.227 419.232
1 46 587.642 412.066
2 46 623.474 404.9
0 47 548.227 412.066
1 47 584.059 404.9
2 47 623.474 397.733
