29
0 0 1078.8 192
1 0 1006.8 184.8
2 0 937.2 171.6
0 1 1128 970.8
1 1 1074 957.6
2 1 1026 936
0 2 1141.92 972
1 2 1087.2 957.6
2 2 1039.68 936
0 3 1154.88 986.4
1 3 1103.04 973.44
2 3 1054.08 948.96
0 4 1144.8 992.16
1 4 1091.52 977.76
2 4 1044 954.72
0 5 1039.68 180
1 5 966.24 172.8
2 5 895.68 161.28
0 6 1368 263.52
1 6 1293.12 250.56
2 6 1219.68 228.96
0 7 1039.68 180
1 7 965.952 172.8
2 7 895.104 160.704
0 8 1078.27 184.896
1 8 1007.42 177.984
2 8 936.576 164.16
0 9 1273.19 953.856
1 9 1213.06 929.664
2 9 1156.03 898.56
0 10 1078.27 191.808
1 10 1005.7 184.896
2 10 934.848 171.072
0 11 1152.58 995.328
1 11 1099.01 979.776
2 11 1052.35 957.312
0 12 1156.03 986.688
1 12 1100.74 971.136
2 12 1054.08 948.672
0 13 1145.66 978.048
1 13 1092.1 964.224
2 13 1043.71 941.76
0 14 1040.12 181.647
1 14 966.298 174.182
2 14 895.795 161.741
0 15 1273.19 953.856
1 15 1215.13 933.12
2 15 1159.14 904.09
0 16 1078.27 192.845
1 16 1005.7 184.55
2 16 933.12 170.035
0 17 1040.12 181.647
1 17 967.957 174.182
2 17 898.284 161.741
0 18 1078.27 184.55
1 18 1007.77 176.671
2 18 938.097 164.229
0 19 1275.02 958.501
1 19 1215.13 933.12
2 19 1159.56 903.26
0 20 1077.44 191.601
1 20 1005.28 184.136
2 20 935.609 171.694
0 21 1074.95 191.103
1 21 1003.29 185.131
2 21 931.627 170.201
0 22 1275.02 958.501
1 22 1215.3 934.613
2 22 1158.56 904.753
0 23 1039.12 182.145
1 23 967.459 176.173
2 23 895.795 161.243
0 24 1074.95 189.909
1 24 999.708 182.742
2 24 931.627 171.993
0 25 1275.61 956.71
1 25 1218.28 938.794
2 25 1160.95 906.545
0 26 1042.71 171.993
1 26 971.042 164.826
2 26 899.379 154.077
0 27 1322.19 250.823
1 27 1250.53 240.073
2 27 1175.28 218.574
0 28 1039.12 182.145
1 28 967.459 176.173
2 28 895.795 161.243
