29
0 0 1102.46 786.24
1 0 1095.55 796.608
2 0 1085.18 801.792
0 1 1325.38 642.816
1 1 1324.8 648
2 1 1318.46 642.816
0 2 1479.17 461.376
1 2 1480.9 461.376
2 2 1477.44 447.552
0 3 1101.08 785.895
1 3 1094.86 798.336
2 3 1084.49 802.483
0 4 1480.55 460.339
1 4 1482.62 460.339
2 4 1478.48 445.824
0 5 1772.93 124.416
1 5 1779.15 118.195
2 5 1775 95.3856
0 6 1741.82 808.704
1 6 1749.29 821.146
2 6 1748.05 823.219
0 7 1111.45 700.877
1 7 1105.23 707.098
2 7 1096.93 707.098
0 8 1779.15 124.416
1 8 1784.13 116.951
2 8 1779.15 94.5562
0 9 1316.32 721.613
1 9 1316.32 729.078
2 9 1311.34 726.59
0 10 1094.86 776.356
1 10 1087.4 788.798
2 10 1077.44 793.774
0 11 1112.28 699.218
1 11 1107.3 706.683
2 11 1097.35 704.195
0 12 1741.82 808.704
1 12 1749.29 821.146
2 12 1749.29 821.146
0 13 1642.29 787.968
1 13 1648.26 800.244
2 13 1647.27 798.751
0 14 1098.84 785.314
1 14 1092.87 797.258
2 14 1080.93 803.23
0 15 1779.65 143.327
1 15 1785.62 137.355
2 15 1782.63 113.467
0 16 1797.56 137.355
1 16 1803.53 131.383
2 16 1800.55 110.481
0 17 1316.32 778.844
1 17 1313.83 791.286
2 17 1307.86 791.286
0 18 1740.83 809.202
1 18 1748.59 816.965
2 18 1746.8 821.146
0 19 1644.68 788.3
1 19 1648.26 800.244
2 19 1648.26 800.244
0 20 1481.05 456.856
1 20 1484.03 456.856
2 20 1481.05 441.926
0 21 1315.03 243.656
1 21 1313.83 238.879
2 21 1307.86 217.977
0 22 1780.84 143.327
1 22 1788.01 136.161
2 22 1784.42 114.662
0 23 1313.83 779.342
1 23 1315.03 788.3
2 23 1307.86 791.883
0 24 1642.29 788.3
1 24 1648.26 799.05
2 24 1648.26 799.05
0 25 1100.04 784.717
1 25 1092.87 795.466
2 25 1082.12 802.633
0 26 1375.94 591.225
1 26 1375.94 594.808
2 26 1372.36 587.642
0 27 1483.44 455.064
1 27 1484.03 456.856
2 27 1483.44 440.731
0 28 1315.03 243.656
1 28 1315.03 236.49
2 28 1307.86 214.991
