29
0 0 338.4 671.04
1 0 367.2 656.64
2 0 385.344 596.16
0 1 554.896 985.375
1 1 585.792 967.68
2 1 605.491 908.237
0 2 1181.95 843.955
1 2 1217.2 835.661
2 2 1242.09 781.747
0 3 1061.68 858.471
1 3 1094.86 848.103
2 3 1117.67 794.189
0 4 1327.1 874.368
1 4 1366.5 866.765
2 4 1395.53 816.999
0 5 1077.44 846.029
1 5 1109.79 836.076
2 5 1132.19 781.333
0 6 1328.76 873.401
1 6 1368.58 865.936
2 6 1395.95 818.657
0 7 338.412 671.847
1 7 368.271 659.405
2 7 385.69 599.685
0 8 554.896 985.375
1 8 585.792 967.68
2 8 604.662 910.725
0 9 340.402 674.833
1 9 367.276 659.903
2 9 385.192 600.183
0 10 1060.02 764.412
1 10 1092.87 755.454
2 10 1116.76 704.692
0 11 1074.95 845.034
1 11 1107.8 836.076
2 11 1131.69 782.328
0 12 674.833 818.16
1 12 704.195 803.728
2 12 722.608 749.482
0 13 1063.01 773.37
1 13 1095.86 764.412
2 13 1116.76 710.664
0 14 1340.71 928.641
1 14 1379.53 922.669
2 14 1406.4 871.908
0 15 1039.12 785.314
1 15 1071.97 776.356
2 15 1095.86 722.608
0 16 1400.43 904.753
1 16 1442.23 895.795
2 16 1472.09 848.02
0 17 1391.47 940.585
1 17 1433.27 934.613
2 17 1460.15 883.852
0 18 1039.12 781.134
1 18 1071.37 773.967
2 18 1096.45 720.22
0 19 1035.54 788.3
1 19 1068.98 782.328
2 19 1092.87 727.386
0 20 1060.62 770.384
1 20 1096.45 763.218
2 20 1117.95 709.47
0 21 1064.2 763.218
1 21 1096.45 752.468
2 21 1121.54 702.304
0 22 555.393 985.375
1 22 585.253 970.445
2 22 601.975 906.545
0 23 340.402 673.638
1 23 369.068 659.305
2 23 386.984 598.391
0 24 1332.94 870.713
1 24 1368.78 863.547
2 24 1397.44 813.382
0 25 1074.95 842.048
1 25 1107.2 834.881
2 25 1132.29 781.134
0 26 1340.11 928.044
1 26 1379.53 920.878
2 26 1408.19 870.713
0 27 1401.02 899.379
1 27 1440.44 895.795
2 27 1472.69 845.631
0 28 1085.7 827.715
1 28 1117.95 816.965
2 28 1143.04 763.218
