49
0 0 1617.41 758.592
1 0 1656 766.8
2 0 1696.8 774
0 1 338.688 810.432
1 1 368.064 805.248
2 1 402.624 798.336
0 2 440.64 438.912
1 2 471.744 433.728
2 2 508.032 430.272
0 3 449.28 466.56
1 3 478.656 463.104
2 3 514.944 457.92
0 4 763.776 307.584
1 4 794.88 305.856
2 4 829.44 302.4
0 5 1620.86 756.864
1 5 1656.81 765.159
2 5 1698.62 772.416
0 6 283.392 566.784
1 6 314.496 561.6
2 6 350.784 554.688
0 7 306.893 383.616
1 7 338.4 378.72
2 7 374.976 373.248
0 8 765.504 304.128
1 8 793.152 302.4
2 8 829.44 298.944
0 9 290.304 530.842
1 9 323.136 523.584
2 9 358.733 518.4
0 10 238.464 1013.99
1 10 267.494 1005.7
2 10 302.746 995.328
0 11 296.525 541.21
1 11 327.629 534.989
2 11 364.954 528.768
0 12 447.898 466.56
1 12 479.002 462.413
2 12 514.253 458.266
0 13 454.118 460.339
1 13 485.222 458.266
2 13 520.474 452.045
0 14 284.083 568.167
1 14 314.496 561.6
2 14 352.512 555.725
0 15 1620.86 756.864
1 15 1656.81 765.159
2 15 1700.35 773.453
0 16 487.296 400.205
1 16 518.4 396.058
2 16 553.651 391.91
0 17 439.603 437.53
1 17 472.781 433.382
2 17 508.032 429.235
0 18 283.669 530.012
1 18 316.017 522.547
2 18 353.342 515.082
0 19 340.9 415.55
1 19 373.248 410.573
2 19 410.573 405.596
0 20 1622.39 756.449
1 20 1657.22 764.412
2 20 1699.52 771.379
0 21 278.692 527.524
1 21 311.04 522.547
2 21 348.365 515.082
0 22 763.914 303.575
1 22 793.774 301.087
2 22 828.611 298.598
0 23 485.223 398.131
1 23 516.575 394.15
2 23 552.407 390.666
0 24 375.736 507.617
1 24 408.085 502.641
2 24 442.921 497.664
0 25 247.24 193.492
1 25 283.071 186.325
2 25 319.5 185.131
0 26 964.473 238.879
1 26 999.708 236.49
2 26 1036.14 232.907
0 27 286.655 513.589
1 27 319.5 507.617
2 27 355.332 501.645
0 28 1621.39 758.44
1 28 1657.22 764.412
2 28 1699.03 773.37
0 29 334.43 803.23
1 29 364.29 797.258
2 29 397.136 791.286
0 30 340.9 811.193
1 30 370.262 806.216
2 30 406.094 797.258
0 31 289.641 531.505
1 31 322.486 525.533
2 31 358.318 519.561
0 32 331.444 546.435
1 32 364.29 540.463
2 32 400.122 534.491
0 33 295.612 540.463
1 33 328.458 534.491
2 33 364.29 528.519
0 34 453.87 438.94
1 34 483.73 435.954
2 34 519.561 429.982
0 35 376.234 507.617
1 35 406.094 501.645
2 35 441.926 495.673
0 36 340.402 415.052
1 36 373.248 412.066
2 36 409.08 406.094
0 37 376.234 444.912
1 37 406.094 438.94
2 37 441.926 432.968
0 38 963.876 236.49
1 38 999.708 236.49
2 38 1035.54 232.907
0 39 1621.39 758.44
1 39 1657.22 764.412
2 39 1698.43 770.384
0 40 297.404 537.477
1 40 329.653 533.894
2 40 365.485 526.728
0 41 340.402 415.649
1 41 372.651 408.483
2 41 408.483 404.9
0 42 347.569 415.649
1 42 379.817 408.483
2 42 415.649 404.9
0 43 354.735 415.649
1 43 386.984 408.483
2 43 422.815 404.9
0 44 247.24 193.492
1 44 283.071 186.325
2 44 318.903 182.742
0 45 372.651 433.565
1 45 404.9 429.982
2 45 440.731 422.815
0 46 290.238 530.311
1 46 322.486 526.728
2 46 358.318 519.561
0 47 462.23 440.731
1 47 490.896 433.565
2 47 526.728 429.982
0 48 283.071 455.064
1 48 315.32 451.481
2 48 351.152 444.315
