36
0 0 118.8 321.6
1 0 166.8 312
2 0 214.8 304.8
0 1 611.712 750.643
1 1 651.456 741.312
2 1 696.384 736.128
0 2 53.28 794.88
1 2 100.224 779.328
2 2 152.064 768.96
0 3 77.76 995.328
1 3 124.416 978.048
2 3 176.256 965.952
0 4 124.416 972.864
1 4 171.072 955.584
2 4 221.184 945.216
0 5 115.776 943.488
1 5 160.704 926.208
2 5 212.544 915.84
0 6 736.128 426.816
1 6 779.328 419.904
2 6 825.984 414.72
0 7 611.712 750.643
1 7 651.456 741.312
2 7 696.73 738.202
0 8 78.7968 995.328
1 8 124.416 976.666
2 8 176.256 966.298
0 9 128.563 980.813
1 9 174.182 964.224
2 9 223.949 953.856
0 10 120.269 953.856
1 10 165.888 937.267
2 10 215.654 926.899
0 11 80.8704 321.408
1 11 128.563 311.04
2 11 180.403 304.819
0 12 580.608 472.781
1 12 626.227 464.486
2 12 671.846 460.339
0 13 736.128 425.088
1 13 781.747 418.867
2 13 827.367 414.72
0 14 599.271 750.643
1 14 641.088 741.312
2 14 684.288 736.128
0 15 343.872 682.56
1 15 385.69 669.773
2 15 431.309 663.552
0 16 340.9 681.8
1 16 385.69 669.773
2 16 427.162 663.552
0 17 736.543 425.503
1 17 781.333 418.038
2 17 828.611 413.061
0 18 111.974 940.585
1 18 159.253 923.167
2 18 209.019 913.214
0 19 582.267 470.293
1 19 627.057 462.828
2 19 671.847 460.339
0 20 587.244 477.758
1 20 632.033 470.293
2 20 676.823 465.316
0 21 340.9 681.8
1 21 385.69 669.358
2 21 430.479 661.893
0 22 74.6496 588.902
1 22 122.425 576.295
2 22 169.206 567.337
0 23 740.524 421.024
1 23 785.314 415.052
2 23 827.118 412.066
0 24 582.267 471.786
1 24 627.057 462.828
2 24 671.847 459.842
0 25 122.425 976.417
1 25 170.201 958.501
2 25 217.977 949.543
0 26 597.197 746.496
1 26 636.015 740.524
2 26 680.805 734.552
0 27 347.569 680.805
1 27 388.178 668.861
2 27 432.968 662.889
0 28 567.337 149.299
1 28 612.127 140.341
2 28 659.903 134.369
0 29 107.495 319.5
1 29 158.257 310.542
2 29 206.033 304.57
0 30 566.143 146.91
1 30 612.127 140.341
2 30 659.305 132.578
0 31 114.662 956.71
1 31 161.243 938.794
2 31 211.408 928.044
0 32 347.569 680.805
1 32 386.984 666.472
2 32 433.565 659.305
0 33 587.642 476.563
1 33 630.64 469.397
2 33 677.221 465.814
0 34 584.059 465.814
1 34 627.057 462.23
2 34 673.638 455.064
0 35 644.973 365.485
1 35 687.971 361.901
2 35 734.552 354.735
