35
0 0 1305.6 592.8
1 0 1293.6 597.6
2 0 1280 608
0 1 1281.6 716.4
1 1 1270 725
2 1 1255.2 739.2
0 2 1016.64 685.44
1 2 999.36 692.64
2 2 980.64 707.04
0 3 1287.36 643.68
1 3 1274.4 650.88
2 3 1260 662.4
0 4 1498.18 67.392
1 4 1491.26 60.48
2 4 1479.17 60.48
0 5 1287.36 642.816
1 5 1275.26 649.037
2 5 1259.71 661.824
0 6 1016.64 685.44
1 6 1000.51 692.928
2 6 981.504 706.752
0 7 891.648 495.936
1 7 869.184 502.848
2 7 843.264 514.944
0 8 1632.34 826.122
1 8 1623.63 839.808
2 8 1613.95 855.36
0 9 1018.14 684.288
1 9 999.475 690.509
2 9 980.813 705.024
0 10 1032.65 833.587
1 10 1013.99 848.103
2 10 993.255 870.912
0 11 1287.71 642.816
1 11 1275.26 649.037
2 11 1260.75 661.479
0 12 1049.24 719.539
1 12 1031.62 729.216
2 12 1013.99 744.422
0 13 1349.91 590.976
1 13 1339.55 595.123
2 13 1325.03 605.491
0 14 1451.19 429.982
1 14 1443.23 430.479
2 14 1430.78 435.456
0 15 1351.16 589.732
1 15 1338.72 594.709
2 15 1326.27 604.662
0 16 1351.16 597.197
1 16 1341.2 602.174
2 16 1326.27 612.127
0 17 1018.14 684.288
1 17 1000.51 692.928
2 17 982.887 704.195
0 18 1632.34 826.122
1 18 1624.38 839.062
2 18 1617.41 855.982
0 19 1307.86 597.197
1 19 1295.92 603.169
2 19 1280.99 612.127
0 20 1030.16 833.09
1 20 1012.25 848.02
2 20 991.347 871.908
0 21 1630.35 827.118
1 21 1624.38 839.062
2 21 1615.42 856.978
0 22 1460.15 429.982
1 22 1450.69 430.479
2 22 1439.24 435.954
0 23 1271.53 818.657
1 23 1256.6 831.099
2 23 1242.17 851.006
0 24 1051.07 719.622
1 24 1033.15 728.58
2 24 1015.23 743.51
0 25 1475.08 892.809
1 25 1463.13 907.739
2 25 1451.19 928.641
0 26 1710.97 450.884
1 26 1705 453.87
2 26 1693.05 459.842
0 27 1472.69 888.629
1 27 1461.94 906.545
2 27 1451.19 928.044
0 28 1024.79 820.549
1 28 1006.87 834.881
2 28 985.375 856.38
0 29 1272.03 816.965
1 29 1257.1 830.104
2 29 1243.36 849.214
0 30 1107.8 755.454
1 30 1089.88 764.412
2 30 1071.37 777.55
0 31 1053.46 716.636
1 31 1033.15 728.58
2 31 1017.62 741.719
0 32 1343.69 591.225
1 32 1336.53 598.391
2 32 1322.19 609.141
0 33 1282.78 182.742
1 33 1272.03 179.159
2 33 1261.28 179.159
0 34 397.136 307.556
1 34 358.318 307.556
2 34 315.32 318.903
