31
0 0 1603.2 102
1 0 1590 98.4
2 0 1574.4 93.6
0 1 1202.4 722.88
1 1 1188 728.64
2 1 1169.28 734.4
0 2 1596.67 100.224
1 2 1582.85 96.768
2 2 1567.3 91.584
0 3 1601.86 100.224
1 3 1589.76 96.768
2 3 1572.48 93.312
0 4 1197.5 122.688
1 4 1181.95 120.96
2 4 1162.94 119.232
0 5 1206.14 663.552
1 5 1192.32 667.008
2 5 1173.31 670.464
0 6 1448.06 584.064
1 6 1435.97 585.792
2 6 1420.42 585.792
0 7 1519.95 91.2384
1 7 1507.51 87.0912
2 7 1492.99 82.944
0 8 1537.92 478.656
1 8 1526.17 476.928
2 8 1511.65 474.854
0 9 978.739 931.047
1 9 960.077 945.562
2 9 937.267 960.077
0 10 1824.77 192.845
1 10 1810.25 188.698
2 10 1793.66 184.55
0 11 1385.17 731.981
1 11 1372.72 736.128
2 11 1356.13 738.202
0 12 1520.36 89.5795
1 12 1507.92 87.0912
2 12 1492.99 82.1146
0 13 1831.4 194.089
1 13 1811.5 191.601
2 13 1799.06 186.624
0 14 1599.99 99.5328
1 14 1585.06 94.5562
2 14 1570.13 92.0679
0 15 1196.88 121.928
1 15 1181.95 121.928
2 15 1162.05 119.439
0 16 1385.99 731.566
1 16 1373.55 734.055
2 16 1356.13 739.031
0 17 753.961 286.157
1 17 726.59 291.134
2 17 699.218 293.622
0 18 1545.25 781.333
1 18 1532.81 783.821
2 18 1517.88 788.798
0 19 1545.25 781.333
1 19 1531.81 785.314
2 19 1516.88 788.3
0 20 1773.67 480.744
1 20 1761.73 477.758
2 20 1746.8 474.772
0 21 1385.5 731.566
1 21 1373.55 734.552
2 21 1355.64 740.524
0 22 1263.07 179.159
1 22 1248.14 176.173
2 22 1230.23 176.173
0 23 1442.23 585.253
1 23 1430.29 585.253
2 23 1415.36 588.239
0 24 1676.93 752.468
1 24 1666.18 752.468
2 24 1651.25 755.454
0 25 1194.39 125.411
1 25 1179.46 122.425
2 25 1161.55 119.439
0 26 569.825 836.076
1 26 546.435 851.006
2 26 516.575 865.936
0 27 1386.69 730.969
1 27 1375.94 734.552
2 27 1358.03 738.135
0 28 1676.93 752.468
1 28 1664.69 753.961
2 28 1651.85 756.051
0 29 1196.78 125.411
1 29 1179.46 122.425
2 29 1160.95 121.828
0 30 1544.35 781.134
1 30 1530.02 781.134
2 30 1515.69 788.3
