66
0 0 903.6 670.8
1 0 907.2 687.6
2 0 924 699.6
0 1 855.36 623.52
1 1 859.68 640.8
2 1 875.52 652.32
0 2 902.88 669.6
1 2 907.2 686.88
2 2 923.04 698.4
0 3 1689.98 952.128
1 3 1707.26 978.048
2 3 1736.64 997.056
0 4 259.2 933.12
1 4 262.656 952.128
2 4 276.48 962.496
0 5 210.816 905.472
1 5 214.272 922.752
2 5 228.096 933.12
0 6 753.408 613.44
1 6 756.864 630.72
2 6 772.416 641.088
0 7 660.096 566.784
1 7 663.552 582.336
2 7 679.104 592.704
0 8 902.016 668.736
1 8 907.2 686.016
2 8 922.752 698.112
0 9 746.496 616.896
1 9 749.952 634.176
2 9 763.776 646.272
0 10 864 663.552
1 10 869.184 680.832
2 10 884.736 692.928
0 11 278.208 463.104
1 11 281.664 480.384
2 11 297.216 489.024
0 12 855.36 622.08
1 12 860.544 639.36
2 12 876.096 651.456
0 13 656.64 635.904
1 13 660.096 653.184
2 13 675.648 663.552
0 14 304.128 466.56
1 14 307.584 483.84
2 14 323.136 492.48
0 15 667.008 625.536
1 15 670.464 642.816
2 15 686.016 653.184
0 16 865.728 667.008
1 16 869.184 684.288
2 16 884.736 696.384
0 17 228.096 926.208
1 17 231.552 945.216
2 17 247.104 953.856
0 18 74.6496 875.059
1 18 76.7232 891.648
2 18 93.312 899.943
0 19 746.496 615.859
1 19 750.643 634.522
2 19 765.159 644.89
0 20 659.405 566.093
1 20 663.552 582.682
2 20 678.067 593.05
0 21 261.274 926.899
1 21 265.421 945.562
2 21 279.936 955.93
0 22 734.055 926.899
1 22 738.202 945.562
2 22 752.717 958.003
0 23 752.717 613.786
1 23 754.791 632.448
2 23 771.379 642.816
0 24 211.507 893.722
1 24 213.581 912.384
2 24 230.17 920.679
0 25 228.096 926.899
1 25 232.243 943.488
2 25 246.758 953.856
0 26 1689.57 950.538
1 26 1706.99 975.422
2 26 1736.85 995.328
0 27 865.936 664.382
1 27 870.912 681.8
2 27 885.842 694.241
0 28 651.94 559.872
1 28 656.917 574.802
2 28 671.847 587.244
0 29 77.1379 873.401
1 29 79.6263 890.819
2 29 94.5562 898.284
0 30 900.772 666.87
1 30 905.749 684.288
2 30 923.167 696.73
0 31 1147.12 726.59
1 31 1152.09 746.496
2 31 1172 758.938
0 32 646.963 885.842
1 32 651.94 905.749
2 32 666.87 918.19
0 33 211.507 893.307
1 33 213.996 910.725
2 33 228.925 920.679
0 34 734.055 925.655
1 34 736.543 945.562
2 34 751.473 955.515
0 35 855.982 622.08
1 35 863.447 639.498
2 35 878.377 651.94
0 36 211.507 801.239
1 36 214.991 818.16
2 36 231.414 826.122
0 37 211.507 801.239
1 37 214.991 818.16
2 37 229.921 827.118
0 38 856.978 621.085
1 38 862.95 639.001
2 38 877.88 650.945
0 39 271.725 943.571
1 39 274.711 961.487
2 39 289.641 970.445
0 40 633.029 582.267
1 40 637.01 597.197
2 40 650.945 609.141
0 41 223.949 925.655
1 41 226.935 943.571
2 41 241.865 952.529
0 42 301.584 456.856
1 42 304.57 471.786
2 42 319.5 483.73
0 43 659.903 567.337
1 43 662.889 585.253
2 43 677.819 594.211
0 44 653.931 558.379
1 44 656.917 576.295
2 44 671.847 585.253
0 45 901.767 668.861
1 45 904.753 686.776
2 45 922.669 698.72
0 46 209.019 910.725
1 46 212.005 928.641
2 46 226.935 937.599
0 47 646.963 885.842
1 47 650.945 907.739
2 47 665.875 919.683
0 48 633.029 600.183
1 48 636.015 618.099
2 48 650.945 630.043
0 49 746.496 582.267
1 49 749.482 597.197
2 49 764.412 609.141
0 50 1143.63 725.594
1 50 1152.59 746.496
2 50 1170.51 758.44
0 51 648.556 888.629
1 51 652.139 906.545
2 51 666.472 920.878
0 52 211.408 802.633
1 52 214.991 816.965
2 52 229.324 827.715
0 53 300.987 455.064
1 53 304.57 472.98
2 53 318.903 480.146
0 54 899.379 666.472
1 54 906.545 684.388
2 54 920.878 695.137
0 55 204.241 913.711
1 55 211.408 928.044
2 55 225.74 938.794
0 56 655.722 558.976
1 56 659.305 573.309
2 56 673.638 584.059
0 57 326.07 644.973
1 57 329.653 659.305
2 57 343.985 670.055
0 58 315.32 637.806
1 58 318.903 655.722
2 58 333.236 662.889
0 59 659.305 566.143
1 59 662.889 584.059
2 59 677.221 594.808
0 60 745.302 580.475
1 60 748.885 598.391
2 60 763.218 609.141
0 61 859.964 619.89
1 61 863.547 637.806
2 61 877.88 648.556
0 62 748.885 612.724
1 62 752.468 630.64
2 62 766.801 641.39
0 63 731.566 925.655
1 63 734.552 942.377
2 63 748.885 953.126
0 64 634.223 598.391
1 64 637.806 616.307
2 64 652.139 627.057
0 65 867.13 662.889
1 65 870.713 680.805
2 65 885.046 691.554
