25
0 0 1334 426
1 0 1339 420
2 0 1339 421
0 1 1333.44 426.24
1 1 1337.76 420.48
2 1 1337.76 420.48
0 2 1303.2 413.28
1 2 1307.52 407.52
2 2 1306.08 407.52
0 3 1595.52 519.84
1 3 1611.36 515.52
2 3 1618.56 518.4
0 4 1551.74 497.664
1 4 1565.57 492.48
2 4 1572.48 495.936
0 5 1303.2 413.28
1 5 1308.1 407.808
2 5 1306.37 407.808
0 6 1304.64 412.992
1 6 1308.1 407.808
2 6 1306.37 408.499
0 7 1339.55 418.867
1 7 1343.69 412.646
2 7 1343.69 412.646
0 8 1312.59 458.266
1 8 1316.74 454.118
2 8 1314.66 456.192
0 9 1332.29 425.088
1 9 1337.47 420.941
2 9 1337.47 420.941
0 10 1291.44 440.433
1 10 1293.93 435.456
2 10 1293.93 437.944
0 11 1331.25 423.014
1 11 1336.23 418.038
2 11 1336.23 418.038
0 12 1304.29 414.72
1 12 1308.86 408.085
2 12 1308.86 408.085
0 13 1306.37 408.085
1 13 1311.34 403.108
2 13 1308.86 403.108
0 14 1304.88 415.052
1 14 1307.86 409.08
2 14 1307.86 409.08
0 15 1306.37 408.085
1 15 1311.34 403.108
2 15 1307.86 403.108
0 16 1079.93 758.938
1 16 1066 758.44
2 16 1048.08 761.426
0 17 1292.93 450.884
1 17 1298.9 447.898
2 17 1295.92 447.898
0 18 1078.27 758.592
1 18 1067.79 756.051
2 18 1049.87 759.635
0 19 1114.37 709.47
1 19 1100.04 709.47
2 19 1082.12 709.47
0 20 1307.86 406.094
1 20 1311.34 403.108
2 20 1307.86 401.316
0 21 1304.88 415.052
1 21 1307.86 409.08
2 21 1307.86 408.483
0 22 1293.53 451.481
1 22 1297.11 444.315
2 22 1297.11 447.898
0 23 1334.74 418.038
1 23 1340.11 412.066
2 23 1340.11 412.066
0 24 1293.53 440.731
1 24 1297.11 433.565
2 24 1293.53 437.148
