45
0 0 1635.6 728.4
1 0 1690.8 741.6
2 0 1740 753.6
0 1 1626 721.2
1 1 1680 733.2
2 1 1728 744
0 2 1373.76 660.96
1 2 1418.69 665.28
2 2 1456.8 670.8
0 3 1021.25 667.008
1 3 1057.54 671.846
2 3 1089.6 672
0 4 1634.4 728.64
1 4 1690.56 741.6
2 4 1739.52 753.12
0 5 1625.76 721.44
1 5 1679.62 732.672
2 5 1729.44 745.92
0 6 1658.4 634.8
1 6 1713.6 646.56
2 6 1765.44 656.64
0 7 1021.25 667.008
1 7 1057.54 671.846
2 7 1090.08 672.48
0 8 1373.76 660.096
1 8 1418.69 665.28
2 8 1455.84 671.04
0 9 1634.69 729.216
1 9 1689.98 741.312
2 9 1740.1 753.408
0 10 1625.76 721.44
1 10 1679.62 732.672
2 10 1729.73 746.496
0 11 1021.25 667.008
1 11 1059.26 668.736
2 11 1090.37 672.192
0 12 1373.76 660.096
1 12 1418.69 665.28
2 12 1456.7 670.464
0 13 1656.81 632.448
1 13 1714.87 644.89
2 13 1764.63 655.258
0 14 1373.76 660.096
1 14 1418.69 665.28
2 14 1457.74 669.773
0 15 1427.33 660.096
1 15 1472.26 663.552
2 15 1513.73 669.773
0 16 1021.25 667.008
1 16 1059.26 668.736
2 16 1092.79 671.846
0 17 1640.22 700.877
1 17 1696.21 713.318
2 17 1745.97 725.76
0 18 1634.69 729.216
1 18 1689.98 742.349
2 18 1739.75 754.791
0 19 360.806 228.925
1 19 400.122 229.921
2 19 435.456 231.414
0 20 1022.7 664.382
1 20 1057.54 671.846
2 20 1092.37 671.847
0 21 1634 727.834
1 21 1689.98 742.349
2 21 1739.34 753.961
0 22 1627.36 724.101
1 22 1682.1 734.055
2 22 1731.87 746.496
0 23 1642.29 629.545
1 23 1699.52 641.987
2 23 1749.29 651.94
0 24 1428.3 659.405
1 24 1473.09 664.382
2 24 1515.39 669.358
0 25 1639.8 699.218
1 25 1687.68 738.135
2 25 1744.31 724.101
0 26 158.257 262.767
1 26 197.075 265.753
2 26 232.907 265.753
0 27 1504.94 928.641
1 27 1552.71 940.585
2 27 1594.52 952.529
0 28 1633.33 728.58
1 28 1687.08 740.524
2 28 1737.84 752.468
0 29 1403.41 830.104
1 29 1448.2 839.062
2 29 1487.02 848.02
0 30 1626.76 723.803
1 30 1681.11 737.538
2 30 1731.87 749.482
0 31 1657.22 632.033
1 31 1713.96 641.987
2 31 1764.72 653.931
0 32 1022.7 664.382
1 32 1057.54 671.846
2 32 1092.87 671.847
0 33 1427.3 659.903
1 33 1472.09 665.875
2 33 1513.89 668.861
0 34 1448.2 659.903
1 34 1495.98 665.875
2 34 1537.78 668.861
0 35 1639.8 699.218
1 35 1687.68 738.135
2 35 1743.82 725.594
0 36 1372.36 788.3
1 36 1415.36 795.466
2 36 1454.77 802.633
0 37 1401.02 827.715
1 37 1444.02 838.465
2 37 1483.44 845.631
0 38 1633.93 727.386
1 38 1687.08 740.524
2 38 1737.84 752.468
0 39 1626.76 723.803
1 39 1681.11 737.538
2 39 1730.68 748.885
0 40 1022.7 664.382
1 40 1057.04 670.055
2 40 1092.87 670.055
0 41 361.304 226.935
1 41 400.122 229.921
2 41 429.982 229.324
0 42 1372.36 659.305
1 42 1415.36 662.889
2 42 1454.77 670.055
0 43 157.66 261.572
1 43 197.075 265.155
2 43 232.907 265.155
0 44 447.898 483.73
1 44 487.313 487.313
2 44 519.561 487.313
