28
0 0 1112.4 698.4
1 0 1153.2 693.6
2 0 1191 693
0 1 963.6 868.8
1 1 997.2 856.8
2 1 1026 849.6
0 2 1112.4 634.8
1 2 1154.4 628.8
2 2 1192.8 627.6
0 3 1116 702
1 3 1156.8 696
2 3 1194 696
0 4 1228.8 694.8
1 4 1274.4 691.2
2 4 1316.4 693.6
0 5 1114.8 616.8
1 5 1156.8 610.8
2 5 1196.4 610.8
0 6 1114.56 613.44
1 6 1157.76 607.68
2 6 1196.64 606.24
0 7 1114.56 617.76
1 7 1157.76 611.712
2 7 1196.64 610.56
0 8 1120.32 637.92
1 8 1162.08 632.16
2 8 1200.96 630.72
0 9 892.8 655.2
1 9 928.8 642.24
2 9 959.04 633.6
0 10 1224 718.56
1 10 1268.64 714.24
2 10 1310.4 717.12
0 11 894.24 732.96
1 11 927.36 720
2 11 957.6 711.36
0 12 1235.52 698.4
1 12 1280.16 695.52
2 12 1321.92 696.96
0 13 1116 701.28
1 13 1156.8 696
2 13 1193.76 695.52
0 14 862.56 660.96
1 14 897.6 646.8
2 14 925.92 637.92
0 15 1119.74 613.786
1 15 1161.22 608.256
2 15 1200.96 608.256
0 16 893.376 732.672
1 16 927.936 718.848
2 16 957.312 710.208
0 17 893.376 654.912
1 17 927.936 644.544
2 17 959.04 632.448
0 18 893.722 655.258
1 18 928.973 642.816
2 18 960.077 632.448
0 19 893.722 734.055
1 19 928.973 719.539
2 19 958.003 711.245
0 20 862.56 660.96
1 20 895.795 646.963
2 20 924.826 638.669
0 21 895.795 654.428
1 21 930.632 641.987
2 21 960.492 632.033
0 22 1231.72 676.823
1 22 1276.51 674.335
2 22 1318.81 676.823
0 23 1114.77 701.706
1 23 1154.58 694.241
2 23 1191.91 696.73
0 24 860.959 661.893
1 24 895.795 646.963
2 24 925.655 639.498
0 25 997.817 913.214
1 25 1032.65 900.772
2 25 1062.51 895.795
0 26 907.739 653.931
1 26 943.571 641.987
2 26 973.431 633.029
0 27 883.852 785.314
1 27 916.697 773.37
2 27 946.557 764.412
