25
0 0 1629 696
1 0 1694 707
2 0 1766 722
0 1 374.4 294
1 1 433.2 291.6
2 1 494.4 291.6
0 2 1628.64 696.96
1 2 1694.4 706.8
2 2 1766.4 722.4
0 3 1625.7 696.73
1 3 1693.44 707.04
2 3 1765.44 722.88
0 4 1487.52 790.56
1 4 1548 802.08
2 4 1653.12 819.36
0 5 1233.79 686.016
1 5 1289.09 691.2
2 5 1346.4 699.84
0 6 628.992 425.088
1 6 686.016 423.36
2 6 743.04 425.088
0 7 1563.84 793.152
1 7 1626.05 805.248
2 7 1693.44 822.528
0 8 1233.79 686.362
1 8 1289.09 691.2
2 8 1346.11 699.84
0 9 1625.7 696.73
1 9 1693.44 707.04
2 9 1764.29 722.304
0 10 1413.5 789.696
1 10 1472.26 798.336
2 10 1534.46 812.16
0 11 1496.45 891.648
1 11 1572.48 896.832
2 11 1605.31 895.104
0 12 1528.24 792.115
1 12 1588.38 802.483
2 12 1615.33 816.999
0 13 1233.79 686.362
1 13 1289.09 691.2
2 13 1347.84 700.877
0 14 1625.7 696.73
1 14 1689.57 706.683
2 14 1762.56 723.687
0 15 1434.93 794.189
1 15 1492.99 804.557
2 15 1557.27 819.072
0 16 1624.87 696.73
1 16 1689.57 706.683
2 16 1761.73 724.101
0 17 1233.21 686.776
1 17 1286.96 689.763
2 17 1346.18 699.218
0 18 1415.85 788.798
1 18 1473.09 798.751
2 18 1535.29 811.193
0 19 580.475 222.157
1 19 637.806 218.574
2 19 698.72 220.963
0 20 1233.21 686.776
1 20 1289.95 687.971
2 20 1346.68 701.706
0 21 1624.38 698.72
1 21 1690.07 707.678
2 21 1761.73 722.608
0 22 580.475 222.157
1 22 637.806 218.574
2 22 695.137 218.574
0 23 1624.38 698.72
1 23 1687.68 705.887
2 23 1759.34 720.22
0 24 1232.61 684.388
1 24 1289.95 687.971
2 24 1347.28 698.72
