23
0 0 800 991
1 0 813 969
2 0 826.8 961.2
0 1 727.2 152.64
1 1 724.32 115.2
2 1 724.32 92.16
0 2 729.216 153.792
1 2 725.76 117.504
2 2 724.032 93.312
0 3 646.272 663.552
1 3 648 637.632
2 3 649.728 623.808
0 4 1308.44 377.395
1 4 1322.96 342.144
2 4 1337.47 321.408
0 5 711.245 709.171
1 5 715.392 684.288
2 5 721.613 671.846
0 6 646.963 651.94
1 6 649.452 624.568
2 6 649.452 612.127
0 7 709.171 716.636
1 7 714.148 691.753
2 7 719.125 679.312
0 8 1052.56 995.328
1 8 1067.49 972.933
2 8 1084.91 962.98
0 9 1559.35 466.56
1 9 1577.6 432.968
2 9 1599.99 413.061
0 10 1321.3 370.76
1 10 1333.74 335.923
2 10 1348.67 316.017
0 11 1313.83 373.248
1 11 1322.79 340.402
2 11 1340.71 319.5
0 12 319.5 435.954
1 12 313.528 409.08
2 12 301.584 391.164
0 13 1036.14 979.403
1 13 1051.07 955.515
2 13 1066 946.557
0 14 997.319 949.543
1 14 1012.25 925.655
2 14 1027.18 916.697
0 15 644.973 670.055
1 15 641.987 647.959
2 15 644.973 630.64
0 16 498.062 612.724
1 16 498.062 587.642
2 16 494.479 573.309
0 17 996.125 945.96
1 17 1010.46 924.461
2 17 1024.79 913.711
0 18 999.708 956.71
1 18 1014.04 935.21
2 18 1028.37 924.461
0 19 1200.37 300.987
1 19 1211.12 265.155
2 19 1221.86 243.656
0 20 1157.37 591.225
1 20 1168.12 558.976
2 20 1178.87 541.06
0 21 705.887 705.887
1 21 713.053 677.221
2 21 716.636 666.472
0 22 1497.77 397.733
1 22 1512.1 361.901
2 22 1533.6 343.985
