15
0 0 293.622 865.936
1 0 321.408 843.955
2 0 348.365 854.323
0 1 1598.75 294.451
1 1 1648.51 259.2
2 1 1700.35 265.421
0 2 1152.09 938.097
1 2 1191.91 918.19
2 2 1236.7 935.609
0 3 293.622 865.936
1 3 321.408 843.955
2 3 350.853 855.982
0 4 1672.15 365.783
1 4 1724.41 330.947
2 4 1779.15 343.388
0 5 1391.39 271.642
1 5 1430.78 236.39
2 5 1475.57 241.367
0 6 292.627 865.936
1 6 322.486 845.034
2 6 349.36 856.978
0 7 751.473 629.545
1 7 779.342 603.169
2 7 809.202 606.155
0 8 1600.49 292.627
1 8 1648.26 256.795
2 8 1702.01 265.753
0 9 304.57 354.735
1 9 315.32 322.486
2 9 333.236 318.903
0 10 293.821 365.485
1 10 304.57 333.236
2 10 322.486 329.653
0 11 222.157 508.812
1 11 236.49 480.146
2 11 257.989 480.146
0 12 512.395 541.06
1 12 530.311 512.395
2 12 555.393 515.978
0 13 293.821 867.13
1 13 322.486 845.034
2 13 351.152 856.38
0 14 1601.68 290.238
1 14 1651.85 254.406
2 14 1702.01 265.155
