27
0 0 1339.2 969.408
1 0 1354.75 948.672
2 0 1351.3 931.392
0 1 1067.9 148.608
1 1 1060.99 150.336
2 1 1045.44 152.064
0 2 1356.48 981.504
1 2 1373.76 960.768
2 2 1368.58 943.488
0 3 1607.04 673.92
1 3 1604.97 653.184
2 3 1586.3 636.595
0 4 1356.13 982.887
1 4 1370.65 960.077
2 4 1368.58 943.488
0 5 1067.9 149.299
1 5 1059.61 149.299
2 5 1045.09 151.373
0 6 1065.83 143.078
1 6 1059.61 143.078
2 6 1043.02 147.226
0 7 1766.71 741.52
1 7 1760.49 715.392
2 7 1739.75 694.656
0 8 1338.72 970.445
1 8 1353.65 950.538
2 8 1351.16 933.12
0 9 1677.13 549.919
1 9 1669.17 528.519
2 9 1644.78 515.082
0 10 1062.51 146.811
1 10 1055.05 149.299
2 10 1040.12 151.788
0 11 1164.53 803.728
1 11 1176.98 791.286
2 11 1174.49 781.333
0 12 1607.46 674.335
1 12 1604.97 651.94
2 12 1587.55 637.01
0 13 1766.71 741.52
1 13 1761.73 714.148
2 13 1739.34 694.241
0 14 1794.58 459.842
1 14 1776.66 437.944
2 14 1749.29 423.014
0 15 1766.71 741.52
1 15 1758.74 716.636
2 15 1737.84 695.734
0 16 1555.7 110.481
1 16 1534.8 98.5375
2 16 1504.94 92.5655
0 17 1051.07 155.271
1 17 1045.09 158.257
2 17 1030.16 161.243
0 18 1672.15 555.393
1 18 1663.19 534.491
2 18 1639.31 519.561
0 19 1606.46 674.833
1 19 1603.47 653.931
2 19 1585.56 639.001
0 20 1063.01 149.299
1 20 1057.04 149.299
2 20 1042.11 152.285
0 21 1681.11 164.229
1 21 1654.73 144.323
2 21 1618.4 137.355
0 22 928.044 666.472
1 22 942.377 666.472
2 22 942.377 666.472
0 23 1680.51 544.644
1 23 1669.76 523.145
2 23 1644.68 508.812
0 24 1182.45 799.05
1 24 1196.78 784.717
2 24 1193.2 773.967
0 25 1064.2 146.91
1 25 1053.46 150.494
2 25 1035.54 150.494
0 26 1608.85 673.638
1 26 1605.27 652.139
2 26 1587.35 637.806
