39
0 0 1148.4 196.8
1 0 1078.8 192
2 0 1006.8 184.8
0 1 1180.8 990
1 1 1130.4 979.2
2 1 1077.6 966
0 2 1195.2 1000.8
1 2 1144.8 987.84
2 2 1091.52 974.88
0 3 1195.78 1003.97
1 3 1144.8 992.16
2 3 1091.52 977.76
0 4 1150.56 974.88
1 4 1101.6 966.24
2 4 1048.32 954.72
0 5 1202.69 1007.42
1 5 1152.58 995.328
2 5 1099.01 979.776
0 6 1109.38 186.624
1 6 1039.68 180
2 6 965.952 172.8
0 7 1149.12 190.08
1 7 1078.27 184.896
2 7 1007.42 177.984
0 8 1147.39 196.992
1 8 1078.27 191.808
2 8 1005.7 184.896
0 9 1178.5 979.776
1 9 1126.66 969.408
2 9 1073.09 955.584
0 10 1403.14 271.296
1 10 1332.29 260.928
2 10 1257.98 248.832
0 11 1330.56 972.864
1 11 1273.54 953.856
2 11 1214.78 933.12
0 12 1328.83 969.408
1 12 1273.54 953.856
2 12 1213.06 929.664
0 13 1111.45 186.624
1 13 1040.12 181.647
2 13 966.298 174.182
0 14 1150.85 190.771
1 14 1078.27 184.55
2 14 1007.77 178.33
0 15 1146.7 196.992
1 15 1078.27 192.845
2 15 1005.7 184.55
0 16 1175.73 982.887
1 16 1125.96 972.519
2 16 1072.05 960.077
0 17 1123.89 885.427
1 17 1080.35 883.354
2 17 1038.87 879.207
0 18 1328.83 969.408
1 18 1273.19 953.856
2 18 1215.13 933.12
0 19 1112.28 186.624
1 19 1040.12 181.647
2 19 967.957 174.182
0 20 1147.12 196.577
1 20 1077.44 191.601
2 20 1005.28 184.136
0 21 1331.25 972.933
1 21 1274.02 955.515
2 21 1214.3 933.12
0 22 1395.95 253.809
1 22 1326.27 243.855
2 22 1249.14 231.414
0 23 1408.39 256.297
1 23 1336.23 246.344
2 23 1261.58 233.902
0 24 1231.72 975.422
1 24 1176.98 960.492
2 24 1122.23 945.562
0 25 1331.75 976.417
1 25 1275.02 958.501
2 25 1215.3 934.613
0 26 1318.81 925.655
1 26 1260.09 907.739
2 26 1197.38 886.837
0 27 1146.62 197.075
1 27 1074.95 191.103
2 27 1003.29 185.131
0 28 988.361 758.44
1 28 928.641 755.454
2 28 868.922 752.468
0 29 1110.79 185.131
1 29 1039.12 182.145
2 29 967.459 176.173
0 30 803.23 594.211
1 30 741.719 594.808
2 30 665.875 603.169
0 31 1101.83 232.907
1 31 1033.15 229.921
2 31 961.487 223.949
0 32 979.403 194.089
1 32 910.725 191.103
2 32 836.076 185.131
0 33 1397.44 261.572
1 33 1322.19 250.823
2 33 1250.53 240.073
0 34 1125.12 240.073
1 34 1057.04 236.49
2 34 985.375 229.324
0 35 1110.79 179.159
1 35 1042.71 171.993
2 35 971.042 164.826
0 36 803.23 594.211
1 36 737.538 597.197
2 36 666.472 601.975
0 37 979.403 194.089
1 37 910.128 189.909
2 37 834.881 186.325
0 38 1433.27 261.572
1 38 1361.61 254.406
2 38 1286.36 240.073
