40
0 0 1380 632.4
1 0 1363.2 634.8
2 0 1344 636
0 1 1811.52 207.36
1 1 1795.68 203.04
2 1 1778.4 195.84
0 2 1389.31 661.824
1 2 1373.76 663.552
2 2 1354.75 665.28
0 3 1634.69 468.288
1 3 1620.86 466.56
2 3 1603.58 463.104
0 4 1192.32 667.008
1 4 1173.31 670.464
2 4 1152.58 673.92
0 5 1378.94 611.712
1 5 1363.39 613.44
2 5 1344.38 615.168
0 6 1809.22 198.72
1 6 1793.66 193.536
2 6 1776.38 186.624
0 7 576 872.64
1 7 547.776 888.192
2 7 514.944 903.744
0 8 1181.95 120.96
1 8 1162.94 119.232
2 8 1140.48 114.048
0 9 1093.82 485.568
1 9 1073.09 489.024
2 9 1048.9 492.48
0 10 1373.76 673.92
1 10 1358.21 677.376
2 10 1339.2 679.104
0 11 1192.32 667.008
1 11 1173.31 670.464
2 11 1155 673.92
0 12 1567.64 196.992
1 12 1553.13 192.845
2 12 1534.46 186.624
0 13 1636.07 468.634
1 13 1621.56 466.56
2 13 1604.97 462.413
0 14 1372.72 736.128
1 14 1356.13 738.202
2 14 1337.47 742.349
0 15 1378.94 611.712
1 15 1364.43 613.786
2 15 1343.69 615.859
0 16 1810.25 188.698
1 16 1793.66 184.55
2 16 1775 176.256
0 17 1664.69 753.961
1 17 1651.85 756.051
2 17 1634 756.864
0 18 1093.82 485.568
1 18 1074.12 489.37
2 18 1049.24 493.517
0 19 1811.5 191.601
1 19 1799.06 186.624
2 19 1776.66 179.159
0 20 1527.83 475.269
1 20 1512.9 472.781
2 20 1495.48 470.293
0 21 1813.99 206.531
1 21 1799.06 201.554
2 21 1779.15 194.089
0 22 1746.8 771.379
1 22 1734.36 773.868
2 22 1719.43 773.868
0 23 729.907 290.304
1 23 699.218 293.622
2 23 664.382 296.11
0 24 1181.95 721.613
1 24 1162.05 726.59
2 24 1142.14 734.055
0 25 1094.86 485.222
1 25 1074.12 489.37
2 25 1050.07 492.687
0 26 1664.69 753.961
1 26 1651.25 755.454
2 26 1634.83 756.449
0 27 1812.49 206.033
1 27 1797.56 200.061
2 27 1779.65 194.089
0 28 1815.48 191.103
1 28 1797.56 188.117
2 28 1779.65 179.159
0 29 1531.81 471.786
1 29 1513.89 471.786
2 29 1498.96 468.8
0 30 725.594 289.641
1 30 698.72 292.627
2 30 659.903 295.612
0 31 1430.29 585.253
1 31 1415.36 588.239
2 31 1397.44 588.239
0 32 1373.55 734.552
1 32 1355.64 740.524
2 32 1337.72 743.51
0 33 1663.19 755.454
1 33 1651.85 756.051
2 33 1633.33 758.44
0 34 1531.81 785.314
1 34 1516.88 788.3
2 34 1498.96 791.286
0 35 723.803 290.238
1 35 695.137 293.821
2 35 659.305 297.404
0 36 1175.28 738.135
1 36 1157.37 741.719
2 36 1135.87 748.885
0 37 1375.94 734.552
1 37 1358.03 738.135
2 37 1336.53 741.719
0 38 1663.19 755.454
1 38 1651.85 756.051
2 38 1633.93 756.051
0 39 1182.45 121.828
1 39 1161.55 119.439
2 39 1139.45 114.662
