9
0 0 87.0912 430.479
1 0 109.901 456.192
2 0 128.563 470.707
0 1 414.72 906.163
1 1 447.898 945.562
2 1 483.149 972.519
0 2 87.0912 429.235
1 2 109.901 456.192
2 2 129.393 470.293
0 3 393.155 358.318
1 3 413.061 380.713
2 3 435.456 395.643
0 4 413.061 905.749
1 4 447.898 945.562
2 4 482.734 972.933
0 5 286.157 559.872
1 5 311.04 589.732
2 5 335.923 607.15
0 6 416.794 85.0176
1 6 442.921 109.486
2 6 462.828 119.439
0 7 1558.68 271.725
1 7 1603.47 295.612
2 7 1651.25 316.514
0 8 413.061 905.749
1 8 447.898 949.543
2 8 483.73 976.417
