28
0 0 1216.8 757.2
1 0 1210.8 741.6
2 0 1198.8 728.4
0 1 1316.74 456.192
1 1 1317.6 436.32
2 1 1313.28 418.176
0 2 1520.64 530.496
1 2 1525.82 513.216
2 2 1529.28 495.936
0 3 1308.1 492.48
1 3 1308.1 475.2
2 3 1304.64 457.92
0 4 1314.66 505.958
1 4 1314.66 489.37
2 4 1310.52 470.707
0 5 1515.8 530.842
1 5 1522.02 514.253
2 5 1524.1 497.664
0 6 1304.29 483.149
1 6 1304.29 464.486
2 6 1300.15 447.898
0 7 1314.66 462.413
1 7 1314.66 441.677
2 7 1312.59 425.088
0 8 1164.53 771.379
1 8 1157.07 756.449
2 8 1144.63 744.008
0 9 1308.86 492.687
1 9 1308.86 475.269
2 9 1303.88 457.851
0 10 1306.37 482.734
1 10 1306.37 465.316
2 10 1301.39 447.898
0 11 1336.23 470.293
1 11 1336.23 452.874
2 11 1333.74 435.456
0 12 1316.32 462.828
1 12 1316.32 442.921
2 12 1313.83 425.503
0 13 628.301 738.202
1 13 612.127 726.59
2 13 587.244 714.148
0 14 582.267 907.739
1 14 567.337 901.767
2 14 540.463 898.781
0 15 623.474 741.719
1 15 609.141 728.58
2 15 585.253 716.636
0 16 686.776 558.379
1 16 670.055 541.06
2 16 644.973 528.519
0 17 588.239 898.781
1 17 573.309 892.809
2 17 546.435 889.823
0 18 1311.34 502.641
1 18 1310.85 486.716
2 18 1304.88 468.8
0 19 1316.82 462.828
1 19 1316.82 444.912
2 19 1313.83 426.996
0 20 1340.71 462.828
1 20 1340.71 444.912
2 20 1337.72 426.996
0 21 1334.74 471.786
1 21 1334.74 453.87
2 21 1331.75 432.968
0 22 623.474 741.719
1 22 609.141 727.386
2 22 584.059 716.636
0 23 684.388 555.393
1 23 670.055 541.06
2 23 644.973 526.728
0 24 576.892 913.711
1 24 558.976 906.545
2 24 533.894 902.962
0 25 587.642 895.795
1 25 573.309 888.629
2 25 548.227 885.046
0 26 1329.36 490.896
1 26 1329.36 472.98
2 26 1325.78 458.647
0 27 684.388 587.642
1 27 668.861 570.323
2 27 644.973 558.976
