19
0 0 1202.69 198.72
1 0 1180.22 190.08
2 0 1109.38 186.624
0 1 1204.76 192.845
1 1 1181.95 184.55
2 1 1111.45 180.403
0 2 1202.69 199.066
1 2 1179.88 190.771
2 2 1111.45 186.624
0 3 1072.05 771.379
1 3 1053.39 763.085
2 3 987.034 758.938
0 4 1206.84 191.601
1 4 1181.95 184.136
2 4 1112.28 179.159
0 5 1204.35 199.066
1 5 1181.95 191.601
2 5 1112.28 186.624
0 6 1256.6 1000.3
1 6 1241.67 992.84
2 6 1176.98 982.887
0 7 1415.85 997.817
1 7 1398.44 985.375
2 7 1331.25 972.933
0 8 1203.35 200.061
1 8 1179.46 191.103
2 8 1110.79 185.131
0 9 1194.39 247.837
1 9 1170.51 238.879
2 9 1101.83 232.907
0 10 1074.95 206.033
1 10 1051.07 197.075
2 10 979.403 194.089
0 11 899.379 594.808
1 11 877.88 591.225
2 11 806.216 591.225
0 12 1207.53 193.492
1 12 1182.45 182.742
2 12 1110.79 179.159
0 13 1203.95 200.658
1 13 1182.45 189.909
2 13 1110.79 186.325
0 14 956.71 612.724
1 14 935.21 609.141
2 14 863.547 609.141
0 15 1074.95 204.241
1 15 1049.87 197.075
2 15 978.209 193.492
0 16 1175.28 953.126
1 16 1160.95 945.96
2 16 1107.2 945.96
0 17 1193.2 247.24
1 17 1171.7 236.49
2 17 1100.04 232.907
0 18 1193.2 236.49
1 18 1168.12 225.74
2 18 1100.04 222.157
