38
0 0 1676 302
1 0 1764 313.2
2 0 1873.2 327.6
0 1 1576.8 752.4
1 1 1652.4 775.2
2 1 1741.2 800.4
0 2 1327.2 652.8
1 2 1388.4 664.8
2 2 1460.4 680.4
0 3 1117.67 634.522
1 3 1169.28 637.92
2 3 1230 643.2
0 4 1676.4 301.2
1 4 1764 313.92
2 4 1872 326.88
0 5 1576.8 753.12
1 5 1651.68 774.72
2 5 1740.96 800.64
0 6 1440 648
1 6 1507.68 663.84
2 6 1586.88 682.56
0 7 1326.24 652.32
1 7 1388.16 665.28
2 7 1458.72 679.68
0 8 1319.04 648
1 8 1380 660
2 8 1451.52 673.92
0 9 1177.2 630
1 9 1232.64 633.6
2 9 1296 639.36
0 10 1157.76 630.72
1 10 1212.48 635.04
2 10 1275.84 640.8
0 11 1117.67 634.522
1 11 1169.28 637.92
2 11 1229.76 643.68
0 12 1441.15 648
1 12 1508.54 665.28
2 12 1588.03 682.56
0 13 1318.46 648
1 13 1380.67 660.096
2 13 1451.52 673.92
0 14 1097.28 718.848
1 14 1147.39 724.032
2 14 1206.14 730.944
0 15 1157.76 630.72
1 15 1212.48 635.04
2 15 1275.26 641.088
0 16 1118.02 634.176
1 16 1169.86 637.632
2 16 1230.34 642.816
0 17 1321.92 620.352
1 17 1381.02 661.479
2 17 1456.7 648
0 18 1318.81 649.037
1 18 1381.02 661.479
2 18 1451.52 673.92
0 19 1592.53 711.245
1 19 1669.25 731.981
2 19 1758.41 756.864
0 20 1327.1 653.184
1 20 1388.16 665.28
2 20 1459.81 680.141
0 21 1176.77 630.72
1 21 1230.34 634.176
2 21 1296 640.742
0 22 1157.76 630.72
1 22 1214.78 634.176
2 22 1275.26 640.742
0 23 1117.67 634.522
1 23 1167.44 638.669
2 23 1229.65 642.816
0 24 1329.18 626.227
1 24 1391.39 638.669
2 24 1461.89 653.184
0 25 1318.81 649.037
1 25 1381.02 661.479
2 25 1455.67 646.963
0 26 1329.18 626.227
1 26 1391.39 638.669
2 26 1458.16 679.312
0 27 1428.48 735.84
1 27 1381.02 661.893
2 27 1453.18 674.335
0 28 802.633 655.722
1 28 848.517 656.917
2 28 900.772 656.917
0 29 1117.67 634.522
1 29 1167.44 638.669
2 29 1231.72 641.987
0 30 1428.48 735.84
1 30 1385.99 634.522
2 30 1451.19 677.819
0 31 1117.26 634.522
1 31 1167.52 639.001
2 31 1230.23 644.973
0 32 1176.48 630.043
1 32 1230.23 636.015
2 32 1292.93 641.987
0 33 1321.3 649.452
1 33 1385.5 636.015
2 33 1457.16 647.959
0 34 1114.37 634.223
1 34 1168.12 637.806
2 34 1229.03 641.39
0 35 1175.28 630.64
1 35 1230.23 636.015
2 35 1293.53 641.39
0 36 802.633 655.722
1 36 848.02 656.917
2 36 899.379 655.722
0 37 1092.87 716.636
1 37 1143.04 720.22
2 37 1200.37 727.386
