53
0 0 859.2 632.4
1 0 877 634
2 0 899 634
0 1 962 671
1 1 979 671
2 1 1002 672
0 2 962.4 769.2
1 2 979.2 770.4
2 2 1002 770.4
0 3 972 715.2
1 3 990 716.4
2 3 1011.6 716.4
0 4 859.2 632.4
1 4 877.2 633.6
2 4 898.8 633.6
0 5 961.2 708
1 5 979.2 708
2 5 1000.8 708
0 6 962.496 770.688
1 6 979.776 770.688
2 6 1002.24 771.84
0 7 970.445 776.356
1 7 987.863 776.356
2 7 907.2 701.28
0 8 972 688.32
1 8 989.28 689.76
2 8 1010.88 689.76
0 9 961.92 686.88
1 9 979.2 688.32
2 9 1002.24 688.32
0 10 972 681.12
1 10 990.72 682.56
2 10 1012.32 682.56
0 11 682.56 839.52
1 11 698.4 838.08
2 11 718.56 833.76
0 12 972 695.52
1 12 990.72 696.96
2 12 1012.32 696.96
0 13 866.88 637.92
1 13 884.16 637.92
2 13 905.76 637.92
0 14 319.68 775.872
1 14 335.923 773.453
2 14 360 766.08
0 15 793.152 888.192
1 15 808.704 888.192
2 15 829.44 883.008
0 16 884.736 1000.51
1 16 900.288 998.784
2 16 921.024 995.328
0 17 974.592 447.898
1 17 993.255 449.971
2 17 1016.06 451.008
0 18 677.376 839.808
1 18 692.928 838.08
2 18 713.664 832.896
0 19 962.151 771.379
1 19 979.776 770.688
2 19 1002.24 772.416
0 20 777.6 945.216
1 20 793.152 943.488
2 20 813.888 940.032
0 21 868.32 701.28
1 21 884.736 701.568
2 21 907.2 701.568
0 22 972.864 696.384
1 22 990.144 696.384
2 22 1012.61 698.112
0 23 865.728 637.632
1 23 883.008 637.632
2 23 905.472 637.632
0 24 800.064 877.824
1 24 815.616 876.096
2 24 836.352 872.64
0 25 962.496 680.832
1 25 979.776 682.56
2 25 1002.24 682.56
0 26 680.832 691.2
1 26 696.384 687.744
2 26 718.848 684.288
0 27 755.136 902.016
1 27 770.688 900.288
2 27 791.424 896.832
0 28 635.904 701.568
1 28 651.456 699.84
2 28 672.192 696.384
0 29 962.151 771.379
1 29 879.552 698.112
2 29 902.016 698.112
0 30 877.824 979.776
1 30 895.104 978.048
2 30 914.112 974.592
0 31 879.207 980.813
1 31 895.795 980.813
2 31 916.531 976.666
0 32 319.68 775.872
1 32 335.923 773.453
2 32 360.806 767.232
0 33 667.699 773.453
1 33 684.288 771.379
2 33 705.024 767.232
0 34 962.98 771.379
1 34 980.813 773.453
2 34 1002.79 773.868
0 35 863.447 699.218
1 35 881.28 698.803
2 35 903.26 699.218
0 36 634.522 701.706
1 36 651.94 699.218
2 36 671.847 696.73
0 37 813.681 985.375
1 37 828.611 985.375
2 37 848.517 980.398
0 38 964.473 677.819
1 38 982.887 676.823
2 38 1005.28 679.312
0 39 970.445 671.847
1 39 987.863 674.335
2 39 1010.26 674.335
0 40 964.473 668.861
1 40 982.887 666.87
2 40 1005.28 669.358
0 41 878.377 980.398
1 41 895.795 980.398
2 41 915.702 975.422
0 42 319.5 776.356
1 42 337.416 773.37
2 42 360.806 766.403
0 43 798.751 878.377
1 43 816.169 875.889
2 43 836.076 870.912
0 44 773.37 946.557
1 44 791.286 943.571
2 44 809.202 940.585
0 45 964.473 773.37
1 45 981.792 773.967
2 45 1003.29 776.356
0 46 319.5 776.356
1 46 337.416 773.37
2 46 361.304 767.398
0 47 634.223 702.304
1 47 647.959 701.706
2 47 671.847 695.734
0 48 964.473 773.37
1 48 981.792 773.967
2 48 1003.29 773.967
0 49 863.547 698.72
1 49 881.463 698.72
2 49 902.962 698.72
0 50 634.223 702.304
1 50 648.556 698.72
2 50 670.055 695.137
0 51 319.5 776.356
1 51 337.416 773.37
2 51 358.318 766.801
0 52 623.474 781.134
1 52 637.806 777.55
2 52 659.305 773.967
