25
0 0 1127.52 682.56
1 0 1120.32 685.44
2 0 1114.56 689.76
0 1 1332 619.2
1 1 1329.12 620.64
2 1 1329.12 622.08
0 2 1334.02 668.736
1 2 1332.29 670.464
2 2 1332.29 673.92
0 3 1382.4 585.792
1 3 1380.67 584.064
2 3 1382.4 585.792
0 4 1384.13 590.976
1 4 1382.4 590.976
2 4 1384.13 590.976
0 5 1329.18 630.375
1 5 1327.1 632.448
2 5 1327.1 634.522
0 6 1105.23 101.606
1 6 1096.93 93.312
2 6 1090.71 80.8704
0 7 1383.09 590.976
1 7 1383.09 590.976
2 7 1383.09 590.976
0 8 1478.48 460.339
1 8 1478.06 456.856
2 8 1480.55 450.386
0 9 1383.51 589.732
1 9 1381.02 589.732
2 9 1381.02 589.732
0 10 1487.02 803.23
1 10 1487.02 809.202
2 10 1492.99 818.657
0 11 1128.04 682.214
1 11 1121.82 686.362
2 11 1117.26 689.265
0 12 1487.02 803.23
1 12 1487.02 809.202
2 12 1492.99 818.16
0 13 1480.55 457.851
1 13 1479.85 451.481
2 13 1481.05 447.898
0 14 1627.36 761.426
1 14 1627.36 767.398
2 14 1636.32 773.37
0 15 1812.49 173.187
1 15 1812.49 161.243
2 15 1821.45 146.313
0 16 1179.46 158.257
1 16 1170.51 149.299
2 16 1167.52 140.341
0 17 1116.76 755.454
1 17 1110.79 761.426
2 17 1104.81 770.384
0 18 1318.81 751.473
1 18 1313.83 758.44
2 18 1313.83 764.412
0 19 1791.59 168.41
1 19 1791.59 157.66
2 19 1798.76 143.327
0 20 1375.94 591.225
1 20 1375.94 591.225
2 20 1375.94 591.225
0 21 1318.61 752.468
1 21 1315.03 756.051
2 21 1315.03 763.218
0 22 1624.38 761.426
1 22 1630.35 763.218
2 22 1637.51 770.384
0 23 1487.02 799.05
1 23 1487.02 806.216
2 23 1490.6 816.965
0 24 1478.48 460.339
1 24 1478.06 456.856
2 24 1483.44 447.898
