36
0 0 1517.76 480.96
1 0 1509.12 483.84
2 0 1506.24 485.28
0 1 1252.8 383.616
1 1 1241.28 385.92
2 1 1235.52 387.36
0 2 1496.45 122.688
1 2 1486.08 122.688
2 2 1486.08 119.232
0 3 1214.78 134.784
1 3 1200.96 136.512
2 3 1194.05 134.784
0 4 1517.18 480.384
1 4 1508.54 483.84
2 4 1506.82 483.84
0 5 1252.8 383.616
1 5 1240.7 387.072
2 5 1235.52 387.072
0 6 1033.34 858.816
1 6 1016.06 867.456
2 6 1002.24 874.368
0 7 1777.08 230.17
1 7 1772.93 230.17
2 7 1777.08 226.022
0 8 1567.64 132.71
1 8 1559.35 132.71
2 8 1559.35 128.563
0 9 1275.26 186.624
1 9 1262.82 188.698
2 9 1256.6 186.624
0 10 1534.46 750.643
1 10 1524.1 754.791
2 10 1522.02 761.011
0 11 1572.62 134.369
1 11 1565.15 131.881
2 11 1565.15 129.393
0 12 1390.97 699.218
1 12 1378.53 706.683
2 12 1373.55 711.66
0 13 1531.81 746.496
1 13 1525.34 753.961
2 13 1520.36 758.938
0 14 1279 189.112
1 14 1264.07 189.112
2 14 1259.09 189.112
0 15 1520.64 476.928
1 15 1512.9 480.246
2 15 1512.9 480.246
0 16 1214.3 134.369
1 16 1199.37 136.858
2 16 1194.39 134.369
0 17 1435.76 572.314
1 17 1424.31 576.295
2 17 1421.33 579.281
0 18 1776.66 232.907
1 18 1770.69 232.907
2 18 1776.66 229.921
0 19 770.384 766.801
1 19 749.482 776.356
2 19 734.552 779.342
0 20 1009.26 880.866
1 20 991.347 889.823
2 20 979.403 895.795
0 21 1036.14 865.936
1 21 1018.22 874.894
2 21 1006.28 883.852
0 22 1723.51 741.719
1 22 1719.93 748.885
2 22 1719.93 758.44
0 23 1531.81 746.496
1 23 1525.34 753.961
2 23 1519.87 761.426
0 24 838.564 261.274
1 24 818.16 268.739
2 24 803.23 268.739
0 25 1278 173.187
1 25 1263.07 176.173
2 25 1257.1 173.187
0 26 831.298 261.572
1 26 813.382 268.739
2 26 799.05 268.739
0 27 1619.6 472.98
1 27 1612.43 476.563
2 27 1612.43 476.563
0 28 770.384 766.801
1 28 748.885 770.384
2 28 734.552 777.55
0 29 763.218 784.717
1 29 745.302 791.883
2 29 727.386 795.466
0 30 1218.28 684.388
1 30 1203.95 691.554
2 30 1196.78 695.137
0 31 1390.27 698.72
1 31 1379.53 705.887
2 31 1372.36 709.47
0 32 1730.68 490.896
1 32 1723.51 494.479
2 32 1727.09 494.479
0 33 1275.61 189.909
1 33 1261.28 193.492
2 33 1254.11 189.909
0 34 1791.59 243.656
1 34 1784.42 243.656
2 34 1791.59 240.073
0 35 1214.7 136.161
1 35 1200.37 136.161
2 35 1193.2 136.161
