24
0 0 1203.84 931.68
1 0 1221.35 980.813
2 0 1252.8 1010.88
0 1 1221.7 426.816
1 1 1244.16 461.376
2 1 1283.9 480.384
0 2 321.408 904.09
1 2 313.114 935.194
2 2 327.629 951.783
0 3 663.552 667.699
1 3 667.699 694.656
2 3 690.509 707.098
0 4 1211.33 421.632
1 4 1233.79 456.192
2 4 1273.19 474.854
0 5 1221.35 427.162
1 5 1244.16 460.339
2 5 1283.56 481.075
0 6 1216.79 398.131
1 6 1241.67 430.479
2 6 1281.49 447.898
0 7 639.001 776.356
1 7 641.987 806.216
2 7 661.893 823.634
0 8 663.552 667.699
1 8 665.875 695.734
2 8 691.753 706.683
0 9 719.125 490.199
1 9 726.59 515.082
2 9 751.473 527.524
0 10 1218.28 397.136
1 10 1241.67 430.479
2 10 1280.99 447.898
0 11 663.552 667.699
1 11 665.875 695.734
2 11 689.763 707.678
0 12 534.491 698.72
1 12 537.477 722.608
2 12 558.379 734.552
0 13 1117.26 679.312
1 13 1131.69 716.636
2 13 1161.55 737.538
0 14 719.125 490.199
1 14 725.594 516.575
2 14 749.482 528.519
0 15 322.486 902.962
1 15 313.528 934.613
2 15 328.458 952.529
0 16 1116.76 680.805
1 16 1132.29 713.053
2 16 1164.53 734.552
0 17 637.806 773.967
1 17 641.39 806.216
2 17 659.305 820.549
0 18 164.229 812.188
1 18 157.66 834.881
2 18 171.993 845.631
0 19 627.057 788.3
1 19 630.043 821.146
2 19 648.556 834.881
0 20 1221.86 426.399
1 20 1246.95 462.23
2 20 1286.36 480.146
0 21 533.894 695.137
1 21 537.477 720.22
2 21 558.976 734.552
0 22 659.305 670.055
1 22 665.875 695.734
2 22 687.971 705.887
0 23 720.22 515.978
1 23 727.386 541.06
2 23 752.468 555.393
