16
0 0 940.032 65.664
1 0 965.952 76.032
2 0 984.96 95.04
0 1 1017.79 608.256
1 1 1045.44 623.808
2 1 1069.63 648
0 2 931.392 62.208
1 2 957.312 72.576
2 2 976.32 91.584
0 3 169.344 501.12
1 3 186.624 515.082
2 3 199.066 537.062
0 4 877.133 317.261
1 4 897.869 327.629
2 4 914.458 346.291
0 5 1092.79 118.195
1 5 1121.82 128.563
2 5 1144.63 149.299
0 6 1030.16 534.989
1 6 1060.02 552.407
2 6 1084.91 577.29
0 7 169.206 500.152
1 7 186.624 514.253
2 7 199.066 537.477
0 8 1092.37 119.439
1 8 1122.23 129.393
2 8 1144.63 149.299
0 9 1018.14 609.638
1 9 1045.09 624.154
2 9 1069.98 649.452
0 10 1741.82 342.144
1 10 1786.61 358.318
2 10 1823.94 380.713
0 11 1743.82 343.388
1 11 1785.62 358.318
2 11 1824.44 382.206
0 12 450.884 403.108
1 12 468.8 415.052
2 12 483.73 435.954
0 13 1092.87 119.439
1 13 1122.23 129.393
2 13 1143.63 149.299
0 14 451.481 401.316
1 14 469.397 415.649
2 14 483.73 433.565
0 15 372.651 343.985
1 15 386.984 354.735
2 15 394.15 372.651
