47
0 0 587.52 443.52
1 0 623.52 440.64
2 0 660.96 434.88
0 1 1778.4 793.44
1 1 1826.5 805.248
2 1 1870.56 815.04
0 2 580.608 451.008
1 2 618.624 447.552
2 2 654.912 442.368
0 3 463.104 786.24
1 3 497.664 781.747
2 3 532.224 770.688
0 4 184.896 729.216
1 4 222.912 720.576
2 4 262.656 708.48
0 5 184.896 732.672
1 5 221.875 725.76
2 5 262.656 711.936
0 6 180.403 335.923
1 6 222.912 330.048
2 6 264.384 321.408
0 7 896.832 300.672
1 7 934.848 298.944
2 7 971.136 295.488
0 8 138.24 366.336
1 8 181.44 361.152
2 8 224.64 352.512
0 9 577.152 407.808
1 9 615.168 406.08
2 9 653.184 399.168
0 10 363.295 977.91
1 10 396.058 972.519
2 10 431.309 958.003
0 11 580.608 452.045
1 11 617.933 447.898
2 11 655.258 441.677
0 12 586.829 445.824
1 12 624.154 443.75
2 12 661.479 435.456
0 13 184.896 729.216
1 13 219.802 721.613
2 13 259.2 709.171
0 14 468.634 524.621
1 14 505.958 520.474
2 14 543.283 512.179
0 15 595.123 425.088
1 15 632.448 423.014
2 15 669.773 416.794
0 16 574.387 420.941
1 16 611.712 418.867
2 16 649.037 412.646
0 17 464.486 785.895
1 17 497.664 781.747
2 17 532.915 771.379
0 18 479.002 396.058
1 18 516.326 393.984
2 18 553.651 385.69
0 19 1107.3 234.317
1 19 1146.7 234.317
2 19 1186.1 232.243
0 20 189.112 729.078
1 20 219.802 721.613
2 20 263.347 707.098
0 21 425.088 489.37
1 21 462.413 485.222
2 21 501.811 476.928
0 22 577.152 407.808
1 22 615.168 406.08
2 22 653.184 400.205
0 23 151.788 385.69
1 23 194.089 380.713
2 23 236.39 370.76
0 24 425.503 510.106
1 24 462.828 505.129
2 24 502.641 497.664
0 25 330.947 868.424
1 25 367.276 862.95
2 25 403.108 848.517
0 26 420.526 505.129
1 26 457.851 500.152
2 26 497.664 490.199
0 27 465.316 786.309
1 27 500.152 781.333
2 27 534.989 771.379
0 28 467.804 525.036
1 28 505.129 520.059
2 28 542.454 512.594
0 29 189.112 729.078
1 29 223.949 719.125
2 29 263.762 706.683
0 30 510.106 487.711
1 30 547.431 485.223
2 30 584.755 477.758
0 31 480.246 395.643
1 31 517.571 393.155
2 31 554.896 385.69
0 32 594.211 424.01
1 32 630.043 421.024
2 32 668.861 415.052
0 33 468.8 522.547
1 33 504.631 519.561
2 33 543.449 510.603
0 34 394.15 176.173
1 34 435.954 173.187
2 34 477.758 167.215
0 35 432.968 516.575
1 35 468.8 513.589
2 35 507.617 504.631
0 36 1107.8 232.907
1 36 1146.62 232.907
2 36 1185.44 229.921
0 37 361.304 976.417
1 37 395.643 970.445
2 37 429.982 955.515
0 38 188.117 728.58
1 38 223.949 719.622
2 38 262.767 707.678
0 39 510.603 424.01
1 39 549.421 421.024
2 39 588.239 415.052
0 40 508.812 487.313
1 40 544.644 483.73
2 40 584.059 476.563
0 41 394.15 175.576
1 41 435.954 173.187
2 41 476.563 164.826
0 42 433.565 515.978
1 42 469.397 512.395
2 42 508.812 505.229
0 43 426.399 508.812
1 43 462.23 505.229
2 43 501.645 498.062
0 44 1196.78 505.229
1 44 1236.2 505.229
2 44 1272.03 505.229
0 45 508.812 415.649
1 45 548.227 412.066
2 45 584.059 404.9
0 46 576.892 408.483
1 46 612.724 404.9
2 46 652.139 397.733
