29
0 0 1452 672
1 0 1503.6 690
2 0 1564 704
0 1 1452 672
1 1 1503.6 690
2 1 1564.8 704.4
0 2 899.943 657.331
1 2 933.12 661.479
2 2 976.32 662.4
0 3 1460.4 680.4
1 3 1512 696.96
2 3 1573.92 711.36
0 4 1451.52 673.92
1 4 1503.36 689.76
2 4 1565.28 705.6
0 5 1582.56 699.84
1 5 1643.04 721.44
2 5 1712.16 740.16
0 6 1297 639
1 6 1343 646
2 6 1395.36 652.32
0 7 1230.34 642.816
1 7 1271.12 649.037
2 7 1321.92 653.184
0 8 898.8 657.6
1 8 933.12 661.893
2 8 976.32 661.824
0 9 1296 639.36
1 9 1342.66 646.272
2 9 1396.22 651.456
0 10 1451.52 673.92
1 10 1503.36 690.509
2 10 1565.57 705.024
0 11 1596.67 671.846
1 11 1656.81 692.583
2 11 1727.31 711.245
0 12 1598.75 667.699
1 12 1658.88 688.435
2 12 1729.38 707.098
0 13 1451.52 673.92
1 13 1503.36 690.509
2 13 1565.57 705.024
0 14 1600.13 648
1 14 1660.61 668.736
2 14 1733.53 686.362
0 15 900.772 656.917
1 15 933.12 661.479
2 15 976.666 663.552
0 16 1296 640.742
1 16 1341.62 646.963
2 16 1395.53 651.11
0 17 1230.34 642.816
1 17 1271.12 649.037
2 17 1322.96 653.184
0 18 216.484 243.855
1 18 258.785 233.902
2 18 308.552 228.925
0 19 1459.81 680.141
1 19 1511.65 696.73
2 19 1572.62 711.66
0 20 1276.51 641.987
1 20 1321.3 646.963
2 20 1376.04 651.94
0 21 214.991 240.073
1 21 256.795 232.907
2 21 307.556 229.921
0 22 1231.72 641.987
1 22 1271.53 649.452
2 22 1319.81 653.931
0 23 1276.51 641.987
1 23 1319.81 647.959
2 23 1373.55 653.931
0 24 1588.54 701.706
1 24 1648.26 722.608
2 24 1719.93 740.524
0 25 1451.19 677.819
1 25 1505.43 691.753
2 25 1564.66 707.678
0 26 1457.16 647.959
1 26 1504.94 691.554
2 26 1565.85 705.887
0 27 1292.93 641.987
1 27 1340.11 644.973
2 27 1393.86 652.139
0 28 899.379 655.722
1 28 933.12 661.893
2 28 978.209 659.305
