37
0 0 355.68 200.16
1 0 385.92 187.2
2 0 432 181.44
0 1 238.464 774.144
1 1 264.96 764.64
2 1 315.36 763.2
0 2 393.984 691.2
1 2 420.48 682.56
2 2 470.016 680.832
0 3 354.24 689.472
1 3 380.16 680.832
2 3 428.544 679.104
0 4 355.968 684.288
1 4 381.888 675.648
2 4 432 673.92
0 5 383.616 672.192
1 5 411.264 663.552
2 5 459.648 661.824
0 6 238.464 774.144
1 6 264.384 765.504
2 6 314.496 763.776
0 7 300.672 447.552
1 7 326.592 437.184
2 7 371.52 432
0 8 462.413 862.618
1 8 491.443 858.471
2 8 545.357 858.471
0 9 391.91 682.214
1 9 418.867 673.92
2 9 466.56 671.846
0 10 354.586 688.435
1 10 379.469 680.141
2 10 429.235 678.067
0 11 354.586 698.803
1 11 381.542 690.509
2 11 429.235 688.435
0 12 238.464 775.526
1 12 263.347 767.232
2 12 315.187 765.159
0 13 466.56 887.501
1 13 495.59 883.354
2 13 549.504 885.427
0 14 356.659 684.288
1 14 381.542 675.994
2 14 431.309 673.92
0 15 246.758 767.232
1 15 271.642 758.938
2 15 323.482 756.864
0 16 182.477 632.448
1 16 207.36 622.08
2 16 257.126 620.006
0 17 933.12 718.848
1 17 965.952 720.576
2 17 1015.23 721.613
0 18 465.316 885.842
1 18 495.176 883.354
2 18 549.919 883.354
0 19 355.83 681.8
1 19 383.201 674.335
2 19 430.479 671.847
0 20 383.201 671.847
1 20 410.573 664.382
2 20 457.851 661.893
0 21 156.764 768.891
1 21 181.647 761.426
2 21 233.902 758.938
0 22 437.944 694.241
1 22 472.781 686.776
2 22 527.524 686.776
0 23 943.073 724.101
1 23 975.422 724.101
2 23 1027.68 726.59
0 24 262.767 155.271
1 24 292.627 140.341
2 24 340.402 134.369
0 25 383.201 671.847
1 25 409.08 665.875
2 25 456.856 662.889
0 26 459.842 862.95
1 26 486.716 859.964
2 26 540.463 859.964
0 27 176.173 630.043
1 27 203.047 618.099
2 27 250.823 615.113
0 28 155.271 770.384
1 28 182.145 761.426
2 28 232.907 758.44
0 29 928.641 719.622
1 29 964.224 719.539
2 29 1012.25 722.608
0 30 943.073 724.101
1 30 975.422 724.101
2 30 1027.18 728.58
0 31 458.647 842.048
1 31 487.313 838.465
2 31 541.06 838.465
0 32 175.576 627.057
1 32 200.658 616.307
2 32 250.823 612.724
0 33 232.907 766.801
1 33 257.989 759.635
2 33 311.737 756.051
0 34 465.814 881.463
1 34 494.479 881.463
2 34 548.227 881.463
0 35 670.055 612.724
1 35 698.72 605.558
2 35 741.719 605.558
0 36 967.459 451.481
1 36 1006.87 447.898
2 36 1060.62 451.481
