19
0 0 283.392 732.672
1 0 322.8 709.2
2 0 394.56 691.2
0 1 122.688 825.984
1 1 167.04 794.88
2 1 239.04 773.28
0 2 122.688 825.984
1 2 164.16 796.608
2 2 238.464 774.144
0 3 279.936 723.687
1 3 319.68 701.568
2 3 390.528 682.56
0 4 184.136 490.199
1 4 223.949 465.316
2 4 300.672 447.898
0 5 279.936 723.687
1 5 325.555 700.877
2 5 391.91 682.214
0 6 244.685 727.834
1 6 288.23 700.877
2 6 356.659 684.288
0 7 238.464 734.055
1 7 279.936 709.171
2 7 350.438 690.509
0 8 242.611 742.349
1 8 284.083 717.466
2 8 354.586 698.803
0 9 836.076 734.055
1 9 878.377 729.078
2 9 943.488 723.687
0 10 279.936 723.687
1 10 325.97 699.218
2 10 393.155 681.8
0 11 126.904 199.066
1 11 176.671 174.182
2 11 258.785 154.276
0 12 836.076 734.552
1 12 878.377 729.078
2 12 943.073 724.101
0 13 119.439 827.118
1 13 164.229 797.258
2 13 235.893 776.356
0 14 352.346 919.683
1 14 394.15 895.795
2 14 462.828 880.866
0 15 137.355 200.061
1 15 182.145 176.173
2 15 262.767 155.271
0 16 308.154 648.556
1 16 358.318 627.057
2 16 435.954 609.141
0 17 125.411 200.061
1 17 173.187 176.173
2 17 253.809 155.271
0 18 566.143 637.806
1 18 605.558 623.474
2 18 670.055 612.724
