39
0 0 1107.36 622.08
1 0 1098 615.6
2 0 1050 609.6
0 1 669.6 158.4
1 1 656.4 156
2 1 604.8 150
0 2 976.8 597.6
1 2 969.12 590.4
2 2 924.48 584.64
0 3 669.6 158.4
1 3 656.64 155.52
2 3 604.8 149.76
0 4 1791.59 738.202
1 4 1776.38 722.304
2 4 1714.18 705.024
0 5 1463.62 110.592
1 5 1446.34 103.68
2 5 1392.77 98.496
0 6 1138.41 740.275
1 6 1130.11 731.981
2 6 1085.18 722.304
0 7 1457.74 850.176
1 7 1447.37 835.661
2 7 1395.53 821.146
0 8 1457.74 839.808
1 8 1445.3 827.367
2 8 1393.46 812.851
0 9 1463.96 109.901
1 9 1447.37 103.68
2 9 1391.39 97.4592
0 10 1820.62 682.214
1 10 1804.03 667.699
2 10 1739.75 653.184
0 11 978.739 688.435
1 11 969.408 680.832
2 11 926.899 680.141
0 12 669.773 157.594
1 12 657.331 155.52
2 12 605.491 149.299
0 13 976.666 804.557
1 13 970.445 798.336
2 13 926.899 792.115
0 14 977.91 609.639
1 14 968.371 603.418
2 14 923.167 597.197
0 15 1791.59 736.543
1 15 1774.17 721.613
2 15 1711.96 704.195
0 16 977.91 689.265
1 16 970.445 684.288
2 16 925.655 679.312
0 17 1174.49 614.615
1 17 1164.53 607.15
2 17 1117.26 602.174
0 18 1463.13 109.486
1 18 1445.71 102.021
2 18 1390.97 97.0445
0 19 1174.49 632.033
1 19 1164.53 624.568
2 19 1117.26 617.104
0 20 1458.16 838.564
1 20 1445.71 826.122
2 20 1395.95 811.193
0 21 1789.1 729.078
1 21 1771.68 714.148
2 21 1709.48 696.73
0 22 699.218 161.741
1 22 686.776 159.253
2 22 637.01 151.788
0 23 1139.65 739.031
1 23 1129.7 731.566
2 23 1084.91 724.101
0 24 669.358 156.764
1 24 656.917 154.276
2 24 604.662 149.299
0 25 1457.16 839.062
1 25 1445.22 827.118
2 25 1394.45 812.188
0 26 979.403 689.763
1 26 970.445 686.776
2 26 925.655 680.805
0 27 1110.79 624.071
1 27 1101.83 618.099
2 27 1054.05 612.127
0 28 1173.49 615.113
1 28 1164.53 606.155
2 28 1116.76 600.183
0 29 976.417 594.211
1 29 967.459 588.239
2 29 922.669 582.267
0 30 1821.45 680.805
1 30 1803.53 665.875
2 30 1740.83 650.945
0 31 1454.17 848.02
1 31 1445.22 836.076
2 31 1394.45 821.146
0 32 1406.4 859.964
1 32 1394.45 848.02
2 32 1346.68 833.09
0 33 699.218 161.741
1 33 683.791 158.257
2 33 636.015 152.285
0 34 1433.27 856.38
1 34 1422.52 842.048
2 34 1372.36 827.715
0 35 1454.77 849.214
1 35 1444.02 834.881
2 35 1393.86 820.549
0 36 1418.94 849.214
1 36 1408.19 834.881
2 36 1358.03 820.549
0 37 1014.04 799.05
1 37 1006.87 791.883
2 37 960.293 784.717
0 38 1171.7 630.64
1 38 1160.95 623.474
2 38 1114.37 616.307
