42
0 0 1320 720
1 0 1308.96 725.76
2 0 1296 734.4
0 1 1031.62 680.832
1 1 1018.14 684.288
2 1 1000.51 692.928
0 2 1315.01 590.976
1 2 1306.37 592.704
2 2 1294.27 597.888
0 3 1511.65 78.7968
1 3 1505.43 70.5024
2 3 1497.14 64.2816
0 4 1463.96 437.53
1 4 1457.74 433.382
2 4 1447.37 435.456
0 5 1050.62 822.528
1 5 1032.65 833.587
2 5 1013.99 848.103
0 6 1032.65 680.141
1 6 1017.72 681.8
2 6 999.475 690.509
0 7 913.214 495.176
1 7 891.648 497.664
2 7 868.839 501.811
0 8 1063.76 713.318
1 8 1049.24 719.539
2 8 1032.65 727.834
0 9 1636.42 817.344
1 9 1632.34 826.122
2 9 1623.63 839.808
0 10 1463.96 437.53
1 10 1458.16 432.968
2 10 1448.2 435.456
0 11 1781.64 92.0679
1 11 1776.66 84.6029
2 11 1771.68 79.6263
0 12 1032.65 676.823
1 12 1017.72 681.8
2 12 1000.3 689.265
0 13 1050.07 821.146
1 13 1032.65 833.587
2 13 1012.75 848.517
0 14 1361.11 587.244
1 14 1351.16 589.732
2 14 1338.72 594.709
0 15 1466.12 432.968
1 15 1460.15 429.982
2 15 1450.69 430.479
0 16 1590.04 415.55
1 16 1582.57 415.55
2 16 1575.11 415.55
0 17 913.214 495.176
1 17 891.648 497.664
2 17 868.424 502.641
0 18 1283.97 809.202
1 18 1271.53 818.657
2 18 1256.6 831.099
0 19 1048.08 824.132
1 19 1030.16 833.09
2 19 1012.25 848.02
0 20 1637.51 816.965
1 20 1633.93 827.715
2 20 1624.38 839.062
0 21 1355.64 594.211
1 21 1349.67 597.197
2 21 1334.74 600.183
0 22 1280.99 815.174
1 22 1269.04 824.132
2 22 1254.11 836.076
0 23 1283.97 809.202
1 23 1272.03 818.16
2 23 1257.1 830.104
0 24 1469.1 429.982
1 24 1460.15 429.982
2 24 1451.19 429.982
0 25 1122.73 749.482
1 25 1107.8 755.454
2 25 1089.88 764.412
0 26 1289.95 737.538
1 26 1278 743.51
2 26 1263.07 755.454
0 27 1066 713.65
1 27 1051.07 719.622
2 27 1033.15 728.58
0 28 1588.54 418.038
1 28 1582.57 415.052
2 28 1573.61 415.052
0 29 913.711 495.673
1 29 892.809 495.673
2 29 868.922 504.631
0 30 1481.05 880.866
1 30 1475.08 892.809
2 30 1463.13 907.739
0 31 1293.53 193.492
1 31 1282.78 182.742
2 31 1272.03 182.145
0 32 1304.28 720.22
1 32 1293.53 723.803
2 32 1279.2 734.552
0 33 1479.85 877.88
1 33 1472.69 888.629
2 33 1461.94 906.545
0 34 1282.78 806.216
1 34 1272.03 816.965
2 34 1257.7 827.715
0 35 913.711 494.479
1 35 892.212 498.062
2 35 870.713 501.645
0 36 1293.53 193.492
1 36 1282.78 182.742
2 36 1272.03 179.159
0 37 1466.12 432.968
1 37 1460.15 429.982
2 37 1451.19 429.982
0 38 1042.71 809.799
1 38 1024.79 820.549
2 38 1006.87 834.881
0 39 1354.44 591.225
1 39 1343.69 591.225
2 39 1336.53 598.391
0 40 1282.78 813.382
1 40 1269.04 824.132
2 40 1254.11 834.881
0 41 1046.29 820.549
1 41 1028.37 834.881
2 41 1010.46 845.631
