31
0 0 110.4 780
1 0 158.4 762
2 0 176.4 757.2
0 1 826.56 414.72
1 1 874.08 410.4
2 1 900 410.4
0 2 46.08 535.68
1 2 96.48 519.84
2 2 118.08 512.64
0 3 148.32 768.96
1 3 195.84 753.12
2 3 214.272 748.224
0 4 108.864 770.688
1 4 153.792 755.136
2 4 174.528 748.224
0 5 148.608 682.56
1 5 198.72 667.008
2 5 222.912 661.824
0 6 221.184 945.216
1 6 262.656 931.392
2 6 281.664 927.936
0 7 209.019 913.214
1 7 252.979 899.943
2 7 273.715 895.795
0 8 215.654 926.899
1 8 257.126 912.384
2 8 277.862 908.237
0 9 201.139 966.298
1 9 244.685 949.709
2 9 263.347 945.562
0 10 215.654 933.12
1 10 259.2 918.605
2 10 277.862 914.458
0 11 148.608 682.56
1 11 194.918 669.773
2 11 221.875 663.552
0 12 149.299 683.791
1 12 199.066 666.87
2 12 223.949 661.893
0 13 828.611 413.061
1 13 873.401 410.573
2 13 900.772 410.573
0 14 698.72 737.538
1 14 737.538 734.552
2 14 761.426 734.552
0 15 827.118 412.066
1 15 877.88 406.094
2 15 904.753 406.094
0 16 659.903 134.369
1 16 713.65 125.411
2 16 743.51 125.411
0 17 212.005 931.627
1 17 256.795 916.697
2 17 274.711 910.725
0 18 149.299 683.791
1 18 199.066 666.87
2 18 223.949 662.889
0 19 680.805 734.552
1 19 724.101 729.078
2 19 743.51 728.58
0 20 170.201 570.323
1 20 217.977 555.393
2 20 235.893 546.435
0 21 218.574 949.543
1 21 261.572 935.21
2 21 279.488 931.627
0 22 211.408 928.044
1 22 254.406 913.711
2 22 272.322 910.128
0 23 149.299 683.791
1 23 197.075 670.055
2 23 222.157 662.889
0 24 680.805 734.552
1 24 720.22 727.386
2 24 741.719 727.386
0 25 207.825 906.545
1 25 250.823 892.212
2 25 272.322 888.629
0 26 580.475 806.216
1 26 627.057 795.466
2 26 652.139 795.466
0 27 673.638 455.064
1 27 723.803 447.898
2 27 748.885 447.898
0 28 659.903 134.369
1 28 713.65 125.411
2 28 745.302 121.828
0 29 204.241 304.57
1 29 257.989 290.238
2 29 283.071 286.655
0 30 170.201 570.323
1 30 217.977 555.393
2 30 236.49 548.227
