30
0 0 1380 660
1 0 1452 672
2 0 1503.6 690
0 1 1169.28 637.92
1 1 1230 643.2
2 1 1273.2 648
0 2 1380 660
1 2 1451.52 673.92
2 2 1503.36 689.76
0 3 1507.68 663.84
1 3 1586.88 682.56
2 3 1647.36 702.72
0 4 1388.16 665.28
1 4 1460.4 680.4
2 4 1512 696.96
0 5 1169.28 637.92
1 5 1230.34 642.816
2 5 1272.96 648
0 6 1388.16 665.28
1 6 1459.81 680.141
2 6 1512 696.384
0 7 1169.28 637.92
1 7 1229.65 642.816
2 7 1271.81 648
0 8 1392.77 639.36
1 8 1463.62 653.184
2 8 1515.46 670.464
0 9 294.451 495.59
1 9 354.586 489.37
2 9 393.984 483.149
0 10 1388.48 664.382
1 10 1459.81 680.141
2 10 1511.65 696.73
0 11 1214.78 634.176
1 11 1275.26 640.742
2 11 1320.88 646.963
0 12 1230.34 634.176
1 12 1296 640.742
2 12 1341.62 646.963
0 13 1167.44 638.669
1 13 1229.65 642.816
2 13 1271.12 649.037
0 14 849.214 655.722
1 14 899.943 657.331
2 14 933.12 661.479
0 15 1387.24 665.626
1 15 1458.16 679.312
2 15 1510.41 696.73
0 16 1385.99 634.522
1 16 1451.19 677.819
2 16 1505.43 691.753
0 17 1229.65 634.522
1 17 1296.42 639.498
2 17 1341.2 646.963
0 18 1167.44 638.669
1 18 1229.65 642.816
2 18 1271.53 649.452
0 19 849.214 655.722
1 19 899.379 655.722
2 19 933.12 661.893
0 20 1385.99 634.522
1 20 1451.19 677.819
2 20 1510.41 664.382
0 21 151.788 251.32
1 21 216.484 243.855
2 21 256.795 232.907
0 22 1388.48 664.382
1 22 1459.81 680.141
2 22 1510.91 698.72
0 23 1382.51 662.889
1 23 1457.16 647.959
2 23 1504.94 692.748
0 24 848.103 657.331
1 24 899.943 657.331
2 24 937.599 659.903
0 25 1167.52 639.001
1 25 1230.23 644.973
2 25 1272.03 650.945
0 26 1158.56 740.524
1 26 1218.28 746.496
2 26 1257.1 755.454
0 27 1382.51 662.889
1 27 1457.16 647.959
2 27 1504.94 691.554
0 28 1230.23 636.015
1 28 1293.53 641.39
2 28 1340.11 644.973
0 29 1167.52 639.001
1 29 1229.03 641.39
2 29 1268.45 648.556
