30
0 0 1000.8 122.4
1 0 1025.28 149.76
2 0 1055.52 184.32
0 1 1012.61 126.144
1 1 1036.8 153.792
2 1 1067.9 188.352
0 2 995.328 145.152
1 2 1021.25 174.528
2 2 1050.62 209.088
0 3 1109.38 635.904
1 3 1138.75 672.192
2 3 1173.31 718.848
0 4 1011.92 126.49
1 4 1036.8 153.446
2 4 1067.9 188.698
0 5 209.434 593.05
1 5 226.022 622.08
2 5 244.685 657.331
0 6 931.047 396.058
1 6 949.709 423.014
2 6 976.666 458.266
0 7 1005.7 151.373
1 7 1030.58 178.33
2 7 1059.61 213.581
0 8 1165.36 203.213
1 8 1194.39 232.243
2 8 1227.57 269.568
0 9 1094.86 709.171
1 9 1122.23 746.496
2 9 1155 792.115
0 10 1172 209.019
1 10 1201.86 238.879
2 10 1234.21 276.204
0 11 209.434 593.05
1 11 226.437 622.08
2 11 243.855 656.917
0 12 1002.79 121.928
1 12 1027.68 151.788
2 12 1057.54 184.136
0 13 930.632 395.643
1 13 950.538 423.014
2 13 977.91 457.851
0 14 497.664 487.711
1 14 515.082 515.082
2 14 537.477 549.919
0 15 995.328 139.346
1 15 1020.21 166.717
2 15 1050.07 201.554
0 16 1010.26 144.323
1 16 1035.14 171.694
2 16 1065 206.531
0 17 212.005 594.211
1 17 226.437 622.08
2 17 244.851 659.903
0 18 498.659 489.702
1 18 516.575 516.575
2 18 537.477 549.421
0 19 931.627 397.136
1 19 952.529 424.01
2 19 976.417 459.842
0 20 980.398 639.498
1 20 1003.29 673.638
2 20 1033.15 719.622
0 21 1164.53 203.047
1 21 1194.39 235.893
2 21 1227.24 271.725
0 22 406.094 426.996
1 22 421.024 453.87
2 22 438.94 486.716
0 23 1003.29 125.411
1 23 1028.37 150.494
2 23 1057.04 186.325
0 24 1092.87 859.964
1 24 1121.54 902.962
2 24 1157.37 960.293
0 25 498.062 487.313
1 25 515.978 515.978
2 25 537.477 548.227
0 26 406.094 426.996
1 26 419.232 451.481
2 26 437.148 483.73
0 27 960.293 784.717
1 27 981.792 824.132
2 27 1010.46 870.713
0 28 211.507 594.709
1 28 229.324 623.474
2 28 247.24 659.305
0 29 1168.12 207.825
1 29 1194.39 235.893
2 29 1229.03 272.322
