36
0 0 1344 636
1 0 1329.6 638.4
2 0 1323.6 638.4
0 1 1778.4 195.84
1 1 1764 185.76
2 1 1764 171.36
0 2 514.08 904.32
1 2 485.28 920.16
2 2 463.68 936
0 3 1634.83 756.449
1 3 1623.63 758.938
2 3 1624.32 760.32
0 4 1048.9 492.48
1 4 1026.43 495.936
2 4 1012.61 497.664
0 5 1603.58 463.104
1 5 1591.49 457.92
2 5 1589.76 451.008
0 6 1779.15 194.918
1 6 1766.71 184.55
2 6 1766.71 170.035
0 7 1498.96 468.8
1 7 1482.62 466.56
2 7 1478.48 460.339
0 8 1492.99 474.854
1 8 1480.55 470.707
2 8 1476.4 464.486
0 9 1775 176.256
1 9 1762.56 165.888
2 9 1762.56 151.373
0 10 1140.48 116.122
1 10 1119.74 109.901
2 10 1105.23 101.606
0 11 1634 756.864
1 11 1626.76 759.635
2 11 1625.7 761.011
0 12 1777.08 186.624
1 12 1762.56 176.256
2 12 1762.56 161.741
0 13 1144.63 741.52
1 13 1127.21 746.496
2 13 1117.26 753.961
0 14 1779.15 194.089
1 14 1766.71 184.136
2 14 1766.71 169.206
0 15 1604.97 457.851
1 15 1592.53 455.363
2 15 1590.04 447.898
0 16 1634.83 756.449
1 16 1626.76 759.635
2 16 1627.36 761.426
0 17 1337.47 742.349
1 17 1323.79 746.496
2 17 1318.81 751.473
0 18 1139.65 116.951
1 18 1119.74 109.486
2 18 1107.3 102.021
0 19 1498.96 791.286
1 19 1487.02 797.258
2 19 1488.02 801.239
0 20 1803.53 194.089
1 20 1788.6 185.131
2 20 1788.6 170.201
0 21 1397.44 588.239
1 21 1382.51 588.239
2 21 1376.54 585.253
0 22 1337.72 743.51
1 22 1322.79 749.482
2 22 1316.82 752.468
0 23 1498.96 791.286
1 23 1487.02 797.258
2 23 1487.02 803.23
0 24 1143.63 740.524
1 24 1125.72 749.482
2 24 1116.76 755.454
0 25 1794.58 188.117
1 25 1782.63 179.159
2 25 1782.63 164.229
0 26 1209.32 155.271
1 26 1191.41 152.285
2 26 1179.46 143.327
0 27 1633.93 756.051
1 27 1626.76 759.635
2 27 1624.38 761.426
0 28 1780.84 193.492
1 28 1766.51 182.742
2 28 1766.51 168.41
0 29 1780.84 179.159
1 29 1766.51 168.41
2 29 1766.51 154.077
0 30 1795.17 189.909
1 30 1780.84 179.159
2 30 1780.84 164.826
0 31 1498.96 791.286
1 31 1487.02 795.466
2 31 1487.02 799.05
0 32 1802.34 193.492
1 32 1791.59 182.742
2 32 1791.59 168.41
0 33 1211.12 171.993
1 33 1189.62 168.41
2 33 1178.87 161.243
0 34 1397.44 584.059
1 34 1383.11 584.059
2 34 1375.94 584.059
0 35 1633.93 756.051
1 35 1626.76 759.635
2 35 1626.76 759.635
