39
0 0 158.4 508.8
1 0 181.44 552.96
2 0 193.2 608.4
0 1 565.92 329.76
1 1 593.28 377.28
2 1 612 439.2
0 2 793.774 773.868
1 2 825.984 829.44
2 2 848.448 905.472
0 3 1341 619
1 3 1382.4 677.376
2 3 1408.32 751.68
0 4 168.48 600.48
1 4 190.08 646.56
2 4 198.72 703.296
0 5 158.4 508.8
1 5 181.44 552.96
2 5 193.536 609.984
0 6 1372.72 626.227
1 6 1412.12 682.214
2 6 1437.7 758.592
0 7 653.184 306.893
1 7 680.141 356.659
2 7 698.803 418.867
0 8 793.774 773.868
1 8 825.984 829.44
2 8 848.103 906.163
0 9 765.159 348.365
1 9 794.189 398.131
2 9 812.851 460.339
0 10 1372.72 626.227
1 10 1412.12 682.214
2 10 1439.08 758.938
0 11 157.594 510.106
1 11 181.44 552.96
2 11 192.845 609.638
0 12 211.507 166.717
1 12 238.879 213.996
2 12 258.785 271.227
0 13 562.36 559.872
1 13 592.22 607.15
2 13 607.15 669.358
0 14 674.335 821.146
1 14 698.72 874.894
2 14 709.171 943.073
0 15 562.36 261.274
1 15 592.22 308.552
2 15 612.127 370.76
0 16 539.966 273.715
1 16 567.337 320.993
2 16 587.244 383.201
0 17 666.87 604.662
1 17 689.763 653.931
2 17 701.706 714.148
0 18 1022.7 393.155
1 18 1052.56 442.921
2 18 1074.95 510.106
0 19 157.594 510.106
1 19 181.647 554.896
2 19 191.601 609.639
0 20 671.847 821.146
1 20 698.72 874.894
2 20 710.664 943.571
0 21 540.463 295.612
1 21 567.337 343.388
2 21 588.239 406.094
0 22 540.463 274.711
1 22 567.337 322.486
2 22 588.239 385.192
0 23 794.272 776.356
1 23 828.611 836.076
2 23 848.02 907.739
0 24 456.856 752.468
1 24 480.744 806.216
2 24 489.702 868.922
0 25 665.875 606.155
1 25 687.971 652.139
2 25 698.72 713.65
0 26 1346.68 624.071
1 26 1386.69 680.805
2 26 1412.37 755.454
0 27 1021.21 394.15
1 27 1051.07 444.912
2 27 1071.97 510.603
0 28 764.412 349.36
1 28 794.272 397.136
2 28 812.188 459.842
0 29 155.271 513.589
1 29 179.159 558.379
2 29 191.103 612.127
0 30 211.408 168.41
1 30 240.073 214.991
2 30 261.572 272.322
0 31 164.826 605.558
1 31 186.325 652.139
2 31 193.492 709.47
0 32 175.576 609.141
1 32 200.658 655.722
2 32 207.825 713.053
0 33 455.064 752.468
1 33 480.146 802.633
2 33 490.896 867.13
0 34 1347.28 623.474
1 34 1386.69 680.805
2 34 1411.77 756.051
0 35 794.272 776.356
1 35 828.611 836.076
2 35 849.214 906.545
0 36 942.377 752.468
1 36 967.459 802.633
2 36 981.792 870.713
0 37 155.271 513.589
1 37 179.159 558.379
2 37 189.909 612.724
0 38 766.801 347.569
1 38 795.466 394.15
2 38 813.382 458.647
