61
0 0 1422 69.6
1 0 1407.6 68.4
2 0 1374 67.2
0 1 1406.4 68.4
1 1 1392 67.2
2 1 1358.4 66
0 2 1652.4 78
1 2 1640.4 75.6
2 2 1604.4 75.6
0 3 1292.4 63.6
1 3 1278 62.4
2 3 1244.4 61.2
0 4 1258.8 55.2
1 4 1244.4 54
2 4 1210.8 52.8
0 5 1605.6 67.2
1 5 1593.6 64.8
2 5 1557.6 64.8
0 6 1232.4 69.6
1 6 1218 68.4
2 6 1185.6 67.2
0 7 1769.76 80.64
1 7 1756.8 79.2
2 7 1719.36 79.2
0 8 1251.36 63.36
1 8 1236.96 61.92
2 8 1203.84 60.48
0 9 1427.04 60.48
1 9 1411.2 59.04
2 9 1378.08 59.04
0 10 1245.6 74.88
1 10 1231.2 73.44
2 10 1198.08 72
0 11 1769.76 72
1 11 1756.8 69.12
2 11 1719.36 69.12
0 12 1586.88 74.88
1 12 1575.36 72
2 12 1539.36 72
0 13 1274.4 66.24
1 13 1260 64.8
2 13 1226.88 63.36
0 14 1635.84 77.76
1 14 1622.88 74.88
2 14 1586.88 74.88
0 15 1408.32 60.48
1 15 1395.36 57.6
2 15 1362.24 57.6
0 16 1158 534
1 16 1140.48 545.76
2 16 1103.04 552.96
0 17 1752.19 81.216
1 17 1740.1 77.76
2 17 1702.08 77.76
0 18 1717.63 70.848
1 18 1705.54 67.392
2 18 1667.52 67.392
0 19 1736.64 70.848
1 19 1724.54 69.12
2 19 1686.53 69.12
0 20 1771.2 72.576
1 20 1757.38 69.12
2 20 1721.09 69.12
0 21 1684.8 77.76
1 21 1670.98 76.032
2 21 1634.69 76.032
0 22 1150.85 532.224
1 22 1135.3 542.592
2 22 1099.01 549.504
0 23 1156.32 532.8
1 23 1140.48 544.32
2 23 1102.46 552.96
0 24 1737.68 70.5024
1 24 1725.24 68.4288
2 24 1789.52 70.5024
0 25 1588.38 66.3552
1 25 1575.94 64.2816
2 25 1540.69 64.2816
0 26 1752.19 70.5024
1 26 1737.68 68.4288
2 26 1700.35 68.4288
0 27 1737.68 70.5024
1 27 1725.24 68.4288
2 27 1687.91 68.4288
0 28 1154.3 532.224
1 28 1140.48 544.32
2 28 1103.16 553.651
0 29 1152.92 532.915
1 29 1136.33 543.283
2 29 1099.01 549.504
0 30 1244.16 93.312
1 30 1229.65 91.2384
2 30 1196.47 91.2384
0 31 1331.25 70.5024
1 31 1316.74 68.4288
2 31 1283.56 68.4288
0 32 1617.41 76.7232
1 32 1604.97 74.6496
2 32 1567.64 74.6496
0 33 1638.14 76.7232
1 33 1623.63 74.6496
2 33 1588.38 74.6496
0 34 1640.22 68.4288
1 34 1627.78 66.3552
2 34 1592.53 66.3552
0 35 410.573 442.921
1 35 383.201 455.363
2 35 328.458 465.316
0 36 1624.87 79.6263
1 36 1609.94 77.1379
2 36 1575.11 77.1379
0 37 1632.34 79.6263
1 37 1619.9 77.1379
2 37 1585.06 77.1379
0 38 1724.41 82.1146
1 38 1711.96 79.6263
2 38 1674.64 79.6263
0 39 1149.6 878.377
1 39 1137.16 888.33
2 39 1102.33 898.284
0 40 527.524 771.379
1 40 504.631 791.286
2 40 460.339 803.728
0 41 537.477 758.938
1 41 515.082 776.356
2 41 470.293 788.798
0 42 1348.67 776.356
1 42 1336.23 786.309
2 42 1301.39 793.774
0 43 1131.69 877.88
1 43 1119.74 889.823
2 43 1083.91 898.781
0 44 523.145 773.967
1 44 505.129 788.798
2 44 456.856 806.216
0 45 1346.68 779.342
1 45 1334.74 788.3
2 45 1301.89 791.286
0 46 537.477 758.938
1 46 515.082 776.356
2 46 471.786 791.286
0 47 1152.59 534.491
1 47 1134.67 546.435
2 47 1098.84 552.407
0 48 409.08 441.926
1 48 382.206 456.856
2 48 328.458 465.814
0 49 1739.34 452.874
1 49 1728.89 450.884
2 49 1693.05 450.884
0 50 1140.65 880.866
1 50 1128.7 889.823
2 50 1092.87 898.781
0 51 953.126 304.57
1 51 940.585 308.552
2 51 904.753 310.542
0 52 1346.68 770.384
1 52 1334.74 779.342
2 52 1301.89 785.314
0 53 1555.1 849.214
1 53 1544.35 856.38
2 53 1512.1 863.547
0 54 1149.6 877.88
1 54 1135.87 888.629
2 54 1103.62 895.795
0 55 1132.29 874.296
1 55 1117.95 885.046
2 55 1082.12 895.795
0 56 1143.04 874.296
1 56 1128.7 885.046
2 56 1096.45 892.212
0 57 1737.84 450.884
1 57 1727.09 447.898
2 57 1691.26 447.898
0 58 952.529 304.57
1 58 938.794 304.57
2 58 906.545 304.57
0 59 938.794 111.079
1 59 920.878 111.079
2 59 885.046 111.079
0 60 1730.68 275.905
1 60 1719.93 275.905
2 60 1684.1 275.905
