38
0 0 1323.65 487.296
1 0 1315.01 480.384
2 0 1313.28 473.472
0 1 1342.66 495.936
1 1 1335.74 487.296
2 1 1334.02 482.112
0 2 1316.74 516.672
1 2 1308.1 511.488
2 2 1306.37 504.576
0 3 1588.03 628.992
1 3 1586.3 625.536
2 3 1589.76 622.08
0 4 1184.03 792.115
1 4 1173.66 785.895
2 4 1167.44 781.747
0 5 671.847 761.426
1 5 653.184 752.717
2 5 640.742 748.57
0 6 1316.74 516.326
1 6 1308.44 510.106
2 6 1306.37 503.885
0 7 1341.62 497.664
1 7 1335.4 489.37
2 7 1333.32 483.149
0 8 1254.53 495.59
1 8 1244.16 487.296
2 8 1240.01 481.075
0 9 1588.38 628.301
1 9 1586.3 626.227
2 9 1590.45 622.08
0 10 1325.03 483.149
1 10 1318.81 474.854
2 10 1314.66 468.634
0 11 1323.65 487.296
1 11 1314.66 481.075
2 11 1314.66 472.781
0 12 1326.27 482.734
1 12 1318.81 475.269
2 12 1316.32 467.804
0 13 1537.78 569.825
1 13 1535.29 564.849
2 13 1537.78 559.872
0 14 671.847 761.426
1 14 651.94 753.961
2 14 639.498 748.984
0 15 1184.44 791.286
1 15 1174.49 786.309
2 15 1167.02 781.333
0 16 1318.81 527.524
1 16 1311.34 522.547
2 16 1308.86 515.082
0 17 1328.76 522.547
1 17 1321.3 517.571
2 17 1318.81 510.106
0 18 1348.67 490.199
1 18 1341.2 482.734
2 18 1338.72 475.269
0 19 1316.32 517.571
1 19 1308.86 510.106
2 19 1306.37 505.129
0 20 1254.11 495.176
1 20 1244.16 487.711
2 20 1239.18 480.246
0 21 1341.2 497.664
1 21 1336.23 490.199
2 21 1333.74 482.734
0 22 637.01 905.749
1 22 617.104 900.772
2 22 603.169 901.767
0 23 1319.81 528.519
1 23 1310.85 522.547
2 23 1307.86 513.589
0 24 1313.83 507.617
1 24 1307.86 501.645
2 24 1304.88 495.673
0 25 1329.36 480.146
1 25 1319.81 474.772
2 25 1319.81 468.8
0 26 1322.79 489.702
1 26 1316.82 480.744
2 26 1313.83 474.772
0 27 1346.68 489.702
1 27 1337.72 483.73
2 27 1337.72 474.772
0 28 1218.28 755.454
1 28 1206.34 749.482
2 28 1200.37 743.51
0 29 670.055 759.635
1 29 650.945 755.454
2 29 639.001 749.482
0 30 1329.36 480.146
1 30 1319.81 474.772
2 30 1318.61 465.814
0 31 1254.11 773.967
1 31 1243.36 766.801
2 31 1239.78 763.218
0 32 1340.11 494.479
1 32 1332.94 487.313
2 32 1329.36 480.146
0 33 637.806 902.962
1 33 616.307 899.379
2 33 601.975 899.379
0 34 670.055 759.635
1 34 650.945 755.454
2 34 637.806 748.885
0 35 1329.36 523.145
1 35 1322.19 515.978
2 35 1318.61 508.812
0 36 1318.61 526.728
1 36 1311.44 519.561
2 36 1307.86 512.395
0 37 1512.1 555.393
1 37 1508.52 548.227
2 37 1512.1 544.644
