41
0 0 1192.32 694.656
1 0 1240.7 698.112
2 0 1298 704
0 1 1194 696
1 1 1146.24 624.96
2 1 1299 707
0 2 1314 697.2
1 2 1368 702
2 2 1429.2 712.8
0 3 1195 695
1 3 1147.2 624
2 3 1200 630
0 4 1195 695
1 4 1147.2 624
2 4 1299.6 706.8
0 5 1191 693
1 5 1140.48 620.352
2 5 1296 706.8
0 6 1191 693
1 6 1140.48 620.352
2 6 1296 704.4
0 7 1320 656.4
1 7 1374 661.2
2 7 1436.4 672
0 8 1191 693
1 8 1140.48 620.352
2 8 1193.76 624.96
0 9 959.04 633.6
1 9 999.36 626.4
2 9 1046.88 624.96
0 10 1321.2 722.4
1 10 1374 727.2
2 10 1437.12 738.72
0 11 1195 695
1 11 1147.2 624
2 11 1298.88 707.04
0 12 1310.4 717.12
1 12 1364.4 722.4
2 12 1425.6 732.96
0 13 1191.6 693.6
1 13 1239.84 696.96
2 13 1296 706.752
0 14 1320.19 660.096
1 14 1373.76 665.28
2 14 1435.97 675.648
0 15 1101.08 624.154
1 15 1146.24 624.96
2 15 1199.23 630.72
0 16 1095.55 620.352
1 16 1140.48 620.006
2 16 1194.05 625.536
0 17 1095.55 620.352
1 17 1140.48 620.006
2 17 1195.78 599.616
0 18 925.92 637.92
1 18 964.224 632.448
2 18 1009.15 630.72
0 19 1190.88 694.08
1 19 1142.55 595.123
2 19 1194.39 626.227
0 20 1320.88 661.479
1 20 1374.8 665.626
2 20 1437.01 675.994
0 21 960.077 632.448
1 21 999.475 626.227
2 21 1047.17 626.227
0 22 1095.55 620.352
1 22 1140.48 620.006
2 22 1194.39 599.271
0 23 1102.33 624.568
1 23 1147.12 624.568
2 23 1202.69 605.491
0 24 935.194 748.57
1 24 974.592 742.349
2 24 1020.21 742.349
0 25 924.826 638.669
1 25 964.224 632.448
2 25 1009.84 630.375
0 26 1097.35 622.08
1 26 1142.14 622.08
2 26 1296.42 706.683
0 27 1191.6 693.6
1 27 1142.14 622.08
2 27 1194.39 627.057
0 28 960.492 632.033
1 28 1000.3 627.057
2 28 1047.58 627.057
0 29 1096.93 622.08
1 29 1142.14 622.08
2 29 1196.88 599.685
0 30 925.655 639.498
1 30 965.468 632.033
2 30 1010.26 629.545
0 31 1319.81 677.819
1 31 1373.55 680.805
2 31 1436.26 692.748
0 32 1325.78 656.917
1 32 1379.53 659.903
2 32 1442.23 671.847
0 33 1097.35 622.08
1 33 1143.63 597.197
2 33 1194.39 627.057
0 34 961.487 633.029
1 34 1000.3 627.057
2 34 1048.08 627.057
0 35 1191.91 696.73
1 35 1239.18 698.72
2 35 1295.92 707.678
0 36 922.669 639.001
1 36 964.473 633.029
2 36 1009.26 630.043
0 37 924.461 637.806
1 37 963.876 630.64
2 37 1006.87 630.64
0 38 1191.91 696.73
1 38 1143.04 623.474
2 38 1196.78 627.057
0 39 988.958 813.382
1 39 1028.37 809.799
2 39 1074.95 809.799
0 40 906.545 716.636
1 40 942.377 709.47
2 40 988.958 709.47
