20
0 0 1339 421
1 0 1323 412
2 0 1315 404
0 1 1306.08 407.52
1 1 1288.8 397.44
2 1 1280.16 390.24
0 2 1307.52 401.76
1 2 1288.8 393.12
2 2 1280.16 384.48
0 3 1306.37 407.808
1 3 1289.09 397.44
2 3 1280.45 390.528
0 4 1308.1 402.624
1 4 1290.82 392.256
2 4 1282.18 383.616
0 5 1567.3 508.032
1 5 1553.47 499.392
2 5 1550.02 490.752
0 6 1567.64 508.032
1 6 1555.2 499.738
2 6 1551.05 491.443
0 7 1571.79 510.106
1 7 1559.35 501.811
2 7 1555.2 493.517
0 8 1580.08 512.179
1 8 1565.57 503.885
2 8 1563.49 495.59
0 9 1308.1 402.624
1 9 1291.85 391.91
2 9 1281.48 383.616
0 10 1306.08 407.52
1 10 1289.78 398.131
2 10 1281.48 391.91
0 11 1609.94 522.547
1 11 1597.5 512.594
2 11 1592.53 505.129
0 12 1048.08 761.426
1 12 1012.25 752.468
2 12 994.333 743.51
0 13 1200.37 409.08
1 13 1179.46 397.136
2 13 1164.53 388.178
0 14 1049.87 759.635
1 14 1012.25 752.468
2 14 992.541 741.719
0 15 1340.11 412.066
1 15 1322.19 401.316
2 15 1315.03 394.15
0 16 1307.86 401.316
1 16 1293.53 390.567
2 16 1286.36 383.4
0 17 1307.86 408.483
1 17 1289.95 400.122
2 17 1282.78 390.567
0 18 1297.11 462.23
1 18 1282.78 451.481
2 18 1272.03 444.315
0 19 1082.12 709.47
1 19 1046.29 698.72
2 19 1024.79 687.971
