14
0 0 217.728 739.584
1 0 241.92 732.672
2 0 283.392 708.48
0 1 255.053 729.907
1 1 279.936 723.687
2 1 319.334 700.877
0 2 958.003 410.573
1 2 991.181 408.499
2 2 1040.95 404.352
0 3 159.253 497.664
1 3 184.136 490.199
2 3 223.949 465.316
0 4 808.704 734.055
1 4 836.076 734.055
2 4 878.377 729.078
0 5 95.5515 836.076
1 5 119.439 827.118
2 5 164.229 797.258
0 6 107.495 209.019
1 6 131.383 200.061
2 6 182.145 176.173
0 7 279.488 655.722
1 7 308.154 648.556
2 7 358.318 627.057
0 8 98.5375 209.019
1 8 125.411 200.061
2 8 173.187 176.173
0 9 325.472 925.655
1 9 352.346 919.683
2 9 394.15 895.795
0 10 283.071 956.71
1 10 308.154 953.126
2 10 351.152 928.044
0 11 326.07 924.461
1 11 351.152 920.878
2 11 394.15 895.795
0 12 541.06 641.39
1 12 566.143 637.806
2 12 605.558 623.474
0 13 279.488 655.722
1 13 308.154 648.556
2 13 358.318 627.057
