29
0 0 1244.16 461.376
1 0 1283.9 480.384
2 0 1308.1 494.208
0 1 313.528 935.609
1 1 326.592 950.4
2 1 325.555 972.519
0 2 1240.01 429.235
1 2 1281.48 447.898
2 2 1306.37 460.339
0 3 1130.11 715.392
1 3 1161.22 736.128
2 3 1179.88 752.717
0 4 1231.72 447.898
1 4 1271.12 466.56
2 4 1296 479.002
0 5 1233.79 456.192
1 5 1273.19 474.854
2 5 1298.07 487.296
0 6 665.875 695.734
1 6 692.928 705.024
2 6 700.877 719.539
0 7 1235.87 464.486
1 7 1277.34 483.149
2 7 1300.15 497.664
0 8 315.32 935.21
1 8 327.629 951.783
2 8 325.97 972.933
0 9 1236.7 465.316
1 9 1276.51 482.734
2 9 1301.39 497.664
0 10 1256.6 435.456
1 10 1296.42 452.874
2 10 1321.3 465.316
0 11 154.08 835.2
1 11 171.694 846.029
2 11 169.206 863.447
0 12 1241.67 430.479
1 12 1281.49 447.898
2 12 1306.37 460.339
0 13 667.699 694.656
1 13 690.509 707.098
2 13 699.218 719.125
0 14 630.043 821.146
1 14 650.945 836.076
2 14 656.917 853.992
0 15 1241.67 430.479
1 15 1280.99 447.898
2 15 1304.88 459.842
0 16 1254.11 435.954
1 16 1295.92 453.87
2 16 1319.81 465.814
0 17 537.477 724.101
1 17 558.379 734.552
2 17 567.337 749.482
0 18 725.594 516.575
1 18 749.482 528.519
2 18 761.426 540.463
0 19 665.875 695.734
1 19 689.763 707.678
2 19 698.72 719.622
0 20 1161.55 683.791
1 20 1194.39 704.692
2 20 1212.31 719.622
0 21 630.043 821.146
1 21 648.556 834.881
2 21 655.722 852.797
0 22 155.271 836.076
1 22 173.187 848.02
2 22 171.993 859.964
0 23 641.39 806.216
1 23 659.305 820.549
2 23 666.472 838.465
0 24 727.386 515.978
1 24 749.482 528.519
2 24 759.635 541.06
0 25 537.477 722.608
1 25 558.379 734.552
2 25 566.143 745.302
0 26 1131.69 716.636
1 26 1164.53 734.552
2 26 1182.45 752.468
0 27 1232.61 447.898
1 27 1272.03 462.23
2 27 1297.11 476.563
0 28 727.386 541.06
1 28 752.468 555.393
2 28 763.218 566.143
