58
0 0 1350 79
1 0 1324 72
2 0 1302 67
0 1 1300 59
1 1 1273 53
2 1 1251 48
0 2 1501.2 74.4
1 2 1476 63.6
2 2 1454.4 56.4
0 3 1311.6 61.2
1 3 1285.2 55.2
2 3 1262.4 50.4
0 4 1412.4 75.6
1 4 1387.2 67.2
2 4 1364.4 61.2
0 5 1299.6 58.8
1 5 1273.2 52.8
2 5 1250.4 48
0 6 1710 96
1 6 1686 80.4
2 6 1664.4 70.8
0 7 1760.4 99.6
1 7 1737.6 82.8
2 7 1714.8 72
0 8 1558.08 77.76
1 8 1533.6 64.8
2 8 1512 57.6
0 9 1540.8 83.52
1 9 1516.32 72
2 9 1493.28 64.8
0 10 1255.2 499.2
1 10 1234.8 507.6
2 10 1213.92 512.64
0 11 1418.4 67.68
1 11 1392.48 59.04
2 11 1370.88 53.28
0 12 1343.52 83.52
1 12 1316.16 76.32
2 12 1294.56 72
0 13 1404 66.24
1 13 1378.08 57.6
2 13 1329.12 50.4
0 14 1501.92 73.44
1 14 1476 63.36
2 14 1454.4 56.16
0 15 1260 502.56
1 15 1239.84 509.76
2 15 1219.68 515.52
0 16 1287.36 59.04
1 16 1260 53.28
2 16 1236.96 48.96
0 17 1254.53 499.738
1 17 1235.52 508.032
2 17 1214.78 513.216
0 18 1556.93 84.672
1 18 1531.01 72.576
2 18 1510.27 65.664
0 19 1337.47 77.76
1 19 1311.55 70.848
2 19 1289.09 65.664
0 20 1351.3 82.944
1 20 1325.38 76.032
2 20 1302.91 70.848
0 21 1259.71 501.12
1 21 1239.84 509.76
2 21 1219.97 516.672
0 22 1353.02 74.304
1 22 1327.1 67.392
2 22 1304.64 62.208
0 23 1349.57 79.488
1 23 1323.65 72.576
2 23 1301.18 67.392
0 24 1862.78 96.768
1 24 1804.03 76.032
2 24 1816.13 65.664
0 25 1862.78 96.768
1 25 1838.59 76.032
2 25 1781.57 63.936
0 26 1254.53 499.738
1 26 1235.52 508.032
2 26 1215.13 514.253
0 27 1343.69 80.8704
1 27 1316.74 74.6496
2 27 1293.93 70.5024
0 28 1847.58 95.3856
1 28 1824.77 76.7232
2 28 1801.96 64.2816
0 29 1791.59 91.2384
1 29 1702.43 70.5024
2 29 1814.4 64.2816
0 30 1346.18 121.928
1 30 1321.3 116.951
2 30 1298.9 111.974
0 31 1256.6 500.152
1 31 1235.87 508.032
2 31 1216.79 515.082
0 32 1231.72 838.564
1 32 1221.77 848.517
2 32 1206.84 855.982
0 33 1348.67 99.5328
1 33 1323.79 94.5562
2 33 1301.39 89.5795
0 34 1341.2 99.5328
1 34 1316.32 94.5562
2 34 1293.93 89.5795
0 35 1664.69 965.468
1 35 1662.2 965.468
2 35 1649.76 967.957
0 36 649.452 701.706
1 36 627.057 728.58
2 36 604.662 744.008
0 37 1430.29 755.454
1 37 1420.83 756.449
2 37 1405.9 758.938
0 38 1054.05 295.612
1 38 1033.15 298.598
2 38 1012.25 298.598
0 39 1612.43 964.473
1 39 1606.46 964.473
2 39 1594.52 967.459
0 40 513.589 241.865
1 40 474.772 265.753
2 40 438.94 280.683
0 41 1254.11 501.645
1 41 1233.21 510.603
2 41 1215.3 516.575
0 42 1225.45 834.881
1 42 1214.7 845.631
2 42 1200.37 853.992
0 43 647.959 704.692
1 43 627.057 728.58
2 43 603.169 746.496
0 44 1215.3 839.062
1 44 1206.34 848.02
2 44 1191.41 856.978
0 45 1051.07 107.495
1 45 1021.21 107.495
2 45 997.319 107.495
0 46 1229.03 827.715
1 46 1218.28 838.465
2 46 1203.95 845.631
0 47 1254.11 501.645
1 47 1236.2 508.812
2 47 1214.7 515.978
0 48 1232.61 838.465
1 48 1221.86 849.214
2 48 1207.53 856.38
0 49 1225.45 834.881
1 49 1214.7 845.631
2 49 1200.37 852.797
0 50 1633.33 836.076
1 50 1623.18 831.298
2 50 1612.43 831.298
0 51 1214.7 834.881
1 51 1203.95 845.631
2 51 1189.62 852.797
0 52 647.959 704.692
1 52 629.545 726.59
2 52 601.975 745.302
0 53 515.978 240.073
1 53 476.563 265.155
2 53 440.731 279.488
0 54 1053.46 293.821
1 54 1031.96 297.404
2 54 1010.46 297.404
0 55 498.062 186.325
1 55 458.647 207.825
2 55 422.815 218.574
0 56 408.483 229.324
1 56 369.068 257.989
2 56 329.653 272.322
0 57 401.316 232.907
1 57 361.901 257.989
2 57 322.486 272.322
