43
0 0 1477.44 442.368
1 0 1470.53 435.456
2 0 1463.62 433.728
0 1 1470.53 445.824
1 1 1463.62 438.912
2 1 1456.7 435.456
0 2 1047.17 679.104
1 2 1031.62 680.832
2 2 1016.06 684.288
0 3 1316.74 698.803
1 3 1306.37 698.803
2 3 1296 705.024
0 4 1065.83 812.851
1 4 1049.24 823.219
2 4 1032.65 833.587
0 5 1049.24 678.067
1 5 1032.65 680.141
2 5 1018.14 684.288
0 6 1368.58 590.976
1 6 1358.21 588.902
2 6 1349.91 590.976
0 7 935.609 497.664
1 7 913.214 495.176
2 7 891.648 497.664
0 8 1080.35 711.245
1 8 1063.76 713.318
2 8 1049.24 719.539
0 9 1061.68 678.067
1 9 1045.09 680.141
2 9 1030.58 684.288
0 10 1781.22 107.827
1 10 1779.15 93.312
2 10 1775 85.0176
0 11 1368.58 597.197
1 11 1358.62 594.709
2 11 1351.16 597.197
0 12 1293.93 803.728
1 12 1283.97 808.704
2 12 1271.53 818.657
0 13 1781.64 106.998
1 13 1781.64 92.0679
2 13 1776.66 84.6029
0 14 1472.09 441.926
1 14 1465.62 435.456
2 14 1458.16 432.968
0 15 1368.58 589.732
1 15 1361.11 587.244
2 15 1351.16 589.732
0 16 1828.92 111.974
1 16 1826.43 99.5328
2 16 1823.94 89.5795
0 17 1744.31 836.076
1 17 1741.82 843.541
2 17 1739.34 853.494
0 18 1642.29 811.193
1 18 1636.32 818.16
2 18 1632.34 826.122
0 19 1298.9 711.66
1 19 1288.95 714.148
2 19 1279 719.125
0 20 1063.01 815.174
1 20 1048.08 824.132
2 20 1030.16 833.09
0 21 1292.93 809.202
1 21 1280.99 815.174
2 21 1269.04 824.132
0 22 1060.02 803.23
1 22 1042.11 812.188
2 22 1024.19 824.132
0 23 1080.93 710.664
1 23 1066 713.65
2 23 1051.07 719.622
0 24 1293.93 803.728
1 24 1283.97 809.202
2 24 1272.03 818.16
0 25 1594.52 424.01
1 25 1588.54 418.038
2 25 1582.57 415.052
0 26 1134.67 743.51
1 26 1122.73 749.482
2 26 1107.8 755.454
0 27 1298.9 734.552
1 27 1289.95 737.538
2 27 1278 743.51
0 28 935.21 498.062
1 28 913.711 495.673
2 28 892.809 495.673
0 29 1642.29 811.193
1 29 1636.32 818.16
2 29 1630.35 827.118
0 30 1487.02 867.13
1 30 1481.05 880.866
2 30 1475.08 892.809
0 31 1080.93 710.664
1 31 1066 713.65
2 31 1053.46 716.636
0 32 1487.02 867.13
1 32 1479.85 877.88
2 32 1472.69 888.629
0 33 935.21 498.062
1 33 913.711 494.479
2 33 892.212 498.062
0 34 1472.69 440.731
1 34 1466.12 432.968
2 34 1458.35 429.982
0 35 1292.93 803.23
1 35 1282.78 806.216
2 35 1272.03 816.965
0 36 1364.6 594.211
1 36 1355.64 594.211
2 36 1343.69 591.225
0 37 1673.35 680.805
1 37 1669.76 684.388
2 37 1666.18 687.971
0 38 1064.2 813.382
1 38 1046.29 820.549
2 38 1028.37 834.881
0 39 1642.29 812.188
1 39 1636.32 818.16
2 39 1633.93 827.715
0 40 1060.02 803.23
1 40 1042.71 809.799
2 40 1024.79 820.549
0 41 468.8 313.528
1 41 433.565 308.154
2 41 394.15 304.57
0 42 1300.7 204.241
1 42 1293.53 193.492
2 42 1282.78 182.742
