29
0 0 1377 693
1 0 1438 703
2 0 1519 719
0 1 1141.2 619.2
1 1 1194 624
2 1 1263.6 633.6
0 2 1242.72 629.28
1 2 1300.32 636.48
2 2 1373.76 648
0 3 1147.39 623.808
1 3 1200 630
2 3 1270.08 637.92
0 4 1245.6 612
1 4 1301.76 620.64
2 4 1376.64 630.72
0 5 1368 702.72
1 5 1428.48 714.24
2 5 1509.12 730.08
0 6 1374 727.2
1 6 1437.12 738.72
2 6 1516.32 756
0 7 1372.32 665.28
1 7 1435.97 675.648
2 7 1515.46 691.2
0 8 1146.24 624.96
1 8 1199.23 630.72
2 8 1268.35 639.36
0 9 1140.48 620.006
1 9 1194.05 625.536
2 9 1263.17 634.176
0 10 1140.48 620.006
1 10 1296 705.6
2 10 1368.58 718.848
0 11 964.224 632.448
1 11 1009.15 630.72
2 11 1069.63 630.72
0 12 1147.12 624.568
1 12 1199.52 630.72
2 12 1269.04 638.669
0 13 1140.48 620.006
1 13 1194.05 625.536
2 13 1262.82 634.522
0 14 1080.35 846.029
1 14 1128.04 850.176
2 14 1190.25 856.397
0 15 1016.06 626.227
1 15 1062.72 623.808
2 15 1125.96 626.227
0 16 997.402 705.024
1 16 1043.02 705.024
2 16 1105.23 707.098
0 17 964.224 632.448
1 17 1009.15 630.72
2 17 1069.98 630.375
0 18 1147.12 624.568
1 18 1199.23 630.72
2 18 1269.04 639.498
0 19 1142.14 622.08
1 19 1194.39 627.057
2 19 1264.07 634.522
0 20 1241.67 696.73
1 20 1201.86 604.662
2 20 1271.53 612.127
0 21 1140.65 621.085
1 21 1194.39 627.057
2 21 1368.58 719.125
0 22 1142.14 622.08
1 22 1196.88 599.685
2 22 1263.07 636.015
0 23 1143.04 623.474
1 23 1200.37 603.169
2 23 1269.04 612.127
0 24 1142.14 622.08
1 24 1194.39 627.057
2 24 1367.58 719.622
0 25 942.377 709.47
1 25 988.958 709.47
2 25 1046.29 709.47
0 26 1143.63 597.197
1 26 1194.39 627.057
2 26 1268.45 609.141
0 27 1144.63 597.197
1 27 1194.39 627.057
2 27 1264.86 637.806
0 28 963.876 630.64
1 28 1006.87 630.64
2 28 1067.79 630.64
