48
0 0 1254 326.4
1 0 1238.4 288
2 0 1221.6 252
0 1 1252.8 332.4
1 1 1238.4 294
2 1 1220.4 258
0 2 1288.8 347.04
1 2 1272.96 308.16
2 2 1257.12 272.16
0 3 1254.24 326.88
1 3 1238.4 288
2 3 1221.12 252
0 4 1252.8 332.64
1 4 1237.25 293.76
2 4 1221.12 259.2
0 5 1292.54 342.144
1 5 1276.99 304.128
2 5 1259.71 266.112
0 6 1176.77 972.864
1 6 1171.58 943.488
2 6 1169.86 914.112
0 7 1252.8 333.504
1 7 1237.25 293.76
2 7 1221.7 259.2
0 8 1254.53 326.592
1 8 1238.98 288.576
2 8 1221.7 252.288
0 9 1130.11 323.136
1 9 1114.56 286.848
2 9 1093.82 250.56
0 10 1294.27 336.96
1 10 1280.45 297.216
2 10 1263.17 260.928
0 11 755.136 825.984
1 11 741.312 803.52
2 11 730.944 784.512
0 12 1254.53 327.629
1 12 1238.98 288.576
2 12 1221.35 252.979
0 13 1557.27 443.75
1 13 1544.83 404.352
2 13 1530.32 364.954
0 14 1252.45 333.85
1 14 1237.94 294.451
2 14 1221.35 259.2
0 15 1534.46 420.941
1 15 1522.02 381.542
2 15 1507.51 342.144
0 16 1287.71 346.291
1 16 1273.19 308.966
2 16 1256.6 271.642
0 17 1244.16 377.395
1 17 1229.65 340.07
2 17 1213.06 304.819
0 18 1540.69 437.53
1 18 1528.24 398.131
2 18 1513.73 358.733
0 19 1584.23 443.75
1 19 1571.79 404.352
2 19 1557.27 364.954
0 20 1107.3 883.354
1 20 1088.64 850.176
2 20 1076.2 821.146
0 21 1545.25 432.968
1 21 1532.81 393.155
2 21 1517.88 353.342
0 22 1176.98 972.933
1 22 1172 943.073
2 22 1169.51 913.214
0 23 1256.6 325.97
1 23 1240.01 288.23
2 23 1224.25 251.32
0 24 1254.11 333.435
1 24 1239.18 296.11
2 24 1221.77 258.785
0 25 1545.25 423.014
1 25 1532.81 385.69
2 25 1517.88 345.877
0 26 1291.44 340.9
1 26 1276.51 301.087
2 26 1259.09 266.25
0 27 1286.46 345.877
1 27 1274.02 308.552
2 27 1256.6 271.227
0 28 1144.63 166.717
1 28 1127.21 124.416
2 28 1104.81 87.0912
0 29 301.087 589.732
1 29 266.25 567.337
2 29 236.39 554.896
0 30 949.543 695.734
1 30 928.641 662.889
2 30 910.725 636.015
0 31 1564.66 429.982
1 31 1552.71 391.164
2 31 1537.78 352.346
0 32 1257.1 328.458
1 32 1242.17 289.641
2 32 1224.25 253.809
0 33 1254.11 334.43
1 33 1239.18 295.612
2 33 1221.27 259.781
0 34 1289.95 340.402
1 34 1275.02 301.584
2 34 1260.09 265.753
0 35 1286.46 345.877
1 35 1272.03 310.542
2 35 1254.11 271.725
0 36 1176.48 973.431
1 36 1170.51 943.571
2 36 1167.52 916.697
0 37 1242.17 379.22
1 37 1227.24 340.402
2 37 1209.32 304.57
0 38 1570.63 444.912
1 38 1558.68 406.094
2 38 1543.75 367.276
0 39 1003.29 716.636
1 39 981.792 680.805
2 39 967.459 655.722
0 40 949.543 695.734
1 40 928.044 659.305
2 40 910.128 634.223
0 41 1257.7 326.07
1 41 1243.36 286.655
2 41 1225.45 250.823
0 42 1254.11 333.236
1 42 1239.78 297.404
2 42 1221.86 261.572
0 43 1289.95 336.819
1 43 1275.61 300.987
2 43 1257.7 261.572
0 44 1533.6 422.815
1 44 1522.85 383.4
2 44 1508.52 343.985
0 45 1243.36 379.817
1 45 1225.45 340.402
2 45 1211.12 304.57
0 46 1547.93 422.815
1 46 1533.6 383.4
2 46 1519.27 343.985
0 47 1239.78 365.485
1 47 1225.45 329.653
2 47 1207.53 293.821
