31
0 0 1257.12 1013.76
1 0 1255.68 1000.8
2 0 1239.84 992.16
0 1 1216.8 208.8
1 1 1203.84 192.96
2 1 1179.36 182.88
0 2 1215.36 216
1 2 1202.4 198.72
2 2 1179.36 190.08
0 3 1216.51 209.088
1 3 1204.42 193.536
2 3 1180.22 183.168
0 4 1252.8 229.824
1 4 1238.98 210.816
2 4 1216.51 202.176
0 5 1216.51 216
1 5 1202.69 198.72
2 5 1180.22 190.08
0 6 1217.2 209.434
1 6 1204.76 192.845
2 6 1181.95 184.55
0 7 1217.2 215.654
1 7 1202.69 199.066
2 7 1179.88 190.771
0 8 1513.73 311.04
1 8 1501.29 290.304
2 8 1476.4 277.862
0 9 1536.54 304.819
1 9 1524.1 282.01
2 9 1499.21 269.568
0 10 1213.06 984.96
1 10 1210.98 972.519
2 10 1194.39 964.224
0 11 1547.74 308.552
1 11 1535.29 286.157
2 11 1510.41 273.715
0 12 1216.79 216.484
1 12 1204.35 199.066
2 12 1181.95 191.601
0 13 1219.28 209.019
1 13 1206.84 191.601
2 13 1181.95 184.136
0 14 1256.6 221.461
1 14 1244.16 204.042
2 14 1219.28 194.089
0 15 1211.81 987.863
1 15 1209.32 975.422
2 15 1194.39 967.957
0 16 1209.32 261.274
1 16 1196.88 246.344
2 16 1174.49 236.39
0 17 1537.78 303.575
1 17 1525.34 281.18
2 17 1500.46 268.739
0 18 1507.92 295.612
1 18 1492.99 274.711
2 18 1469.1 262.767
0 19 1218.28 217.977
1 19 1203.35 200.061
2 19 1179.46 191.103
0 20 1254.11 220.963
1 20 1242.17 203.047
2 20 1218.28 194.089
0 21 1089.88 220.963
1 21 1074.95 206.033
2 21 1051.07 197.075
0 22 1215.3 848.02
1 22 1215.3 836.076
2 22 1203.35 833.09
0 23 1516.88 298.598
1 23 1501.95 277.697
2 23 1478.06 265.753
0 24 1206.34 262.767
1 24 1194.39 247.837
2 24 1170.51 238.879
0 25 1227.24 268.739
1 25 1215.3 253.809
2 25 1191.41 244.851
0 26 1218.28 218.574
1 26 1203.95 200.658
2 26 1182.45 189.909
0 27 910.128 601.975
1 27 899.379 594.808
2 27 877.88 591.225
0 28 1218.28 207.825
1 28 1207.53 193.492
2 28 1182.45 182.742
0 29 963.876 619.89
1 29 956.71 612.724
2 29 935.21 609.141
0 30 1601.68 386.984
1 30 1590.93 365.485
2 30 1565.85 351.152
