27
0 0 1062 738
1 0 1016.4 732
2 0 987.6 729.6
0 1 1130.11 731.981
1 1 1085.18 722.304
2 1 1054.08 718.848
0 2 1446.34 103.68
1 2 1392.77 98.496
2 2 1339.2 91.584
0 3 1130.11 731.981
1 3 1085.18 722.304
2 3 1053.39 719.539
0 4 1428.71 891.648
1 4 1378.94 877.133
2 4 1347.84 860.544
0 5 1078.27 590.976
1 5 1030.58 584.755
2 5 995.328 584.755
0 6 1447.37 103.68
1 6 1391.39 97.4592
2 6 1337.47 91.2384
0 7 657.331 155.52
1 7 605.491 149.299
2 7 559.872 159.667
0 8 1164.53 606.155
1 8 1116.76 600.183
2 8 1084.91 597.197
0 9 1445.71 826.122
1 9 1395.95 811.193
2 9 1361.11 796.263
0 10 970.445 684.288
1 10 925.655 679.312
2 10 898.284 681.8
0 11 1445.71 102.021
1 11 1390.97 97.0445
2 11 1336.23 92.0679
0 12 1134.67 714.148
1 12 1088.64 707.098
2 12 1057.54 701.706
0 13 1804.03 666.87
1 13 1741.82 651.94
2 13 1694.55 629.545
0 14 967.459 588.239
1 14 922.669 582.267
2 14 893.307 582.267
0 15 1774.17 592.22
1 15 1709.48 577.29
2 15 1662.2 557.384
0 16 686.776 159.253
1 16 637.01 151.788
2 16 589.732 161.741
0 17 656.917 154.276
1 17 604.662 149.299
2 17 559.872 159.253
0 18 1771.68 447.898
1 18 1707.98 435.954
2 18 1657.22 415.55
0 19 1371.06 430.479
1 19 1318.81 423.014
2 19 1274.02 415.55
0 20 1770.69 719.622
1 20 1710.97 704.692
2 20 1663.19 680.805
0 21 970.445 686.776
1 21 925.655 680.805
2 21 898.781 683.791
0 22 967.459 588.239
1 22 922.669 582.267
2 22 892.809 582.267
0 23 1394.45 848.02
1 23 1346.68 833.09
2 23 1313.83 818.16
0 24 1803.53 665.875
1 24 1740.83 650.945
2 24 1693.05 630.043
0 25 683.791 158.257
1 25 636.015 152.285
2 25 588.239 161.243
0 26 1777.26 627.057
1 26 1712.76 612.724
2 26 1666.18 591.225
