13
0 0 734.055 651.11
1 0 756.864 640.742
2 0 783.821 613.786
0 1 271.227 865.936
1 1 293.622 865.936
2 1 321.408 843.955
0 2 1361.11 291.134
1 2 1393.46 271.227
2 2 1433.27 233.902
0 3 301.087 368.271
1 3 306.063 355.83
2 3 316.017 323.482
0 4 729.078 639.498
1 4 751.473 629.545
2 4 778.844 602.174
0 5 1631.92 385.69
1 5 1672.15 365.783
2 5 1724.41 330.947
0 6 1560.18 313.528
1 6 1599.99 293.622
2 6 1649.76 258.785
0 7 659.903 588.239
1 7 677.819 579.281
2 7 698.72 552.407
0 8 271.725 868.922
1 8 292.627 865.936
2 8 322.486 845.034
0 9 1558.68 313.528
1 9 1600.49 292.627
2 9 1648.26 256.795
0 10 498.062 551.81
1 10 512.395 541.06
2 10 530.311 512.395
0 11 300.987 369.068
1 11 304.57 354.735
2 11 315.32 322.486
0 12 1562.27 311.737
1 12 1601.68 290.238
2 12 1651.85 254.406
