43
0 0 1794 75.6
1 0 1778.4 78
2 0 1772.4 80.4
0 1 1843.2 80.64
1 1 1853.28 86.4
2 1 1821.6 84.96
0 2 1869.12 83.52
1 2 1853.28 86.4
2 2 1847.52 87.84
0 3 1853.28 82.08
1 3 1812.96 82.08
2 3 1807.2 83.52
0 4 1563.84 421.632
1 4 1548 427.68
2 4 1540.8 437.76
0 5 1268.64 724.32
1 5 1251.07 741.312
2 5 1238.98 760.32
0 6 981.504 706.752
1 6 960.768 724.032
2 6 943.488 743.04
0 7 1479.17 60.48
1 7 1463.62 62.208
2 7 1453.25 65.664
0 8 1325.38 606.528
1 8 1308.1 618.624
2 8 1297.73 635.904
0 9 1779.84 72.576
1 9 1764.29 76.032
2 9 1757.38 77.76
0 10 1563.49 418.867
1 10 1548.29 428.544
2 10 1541.38 435.456
0 11 1012.61 743.04
1 11 991.872 762.048
2 11 974.592 782.784
0 12 1252.8 739.584
1 12 1236.96 756
2 12 1223.42 775.872
0 13 981.504 706.752
1 13 962.151 723.687
2 13 943.488 742.349
0 14 1432.86 437.53
1 14 1416.27 445.824
2 14 1405.9 456.192
0 15 1443.23 439.603
1 15 1426.64 447.898
2 15 1418.34 458.266
0 16 993.255 870.912
1 16 970.445 895.795
2 16 951.783 924.826
0 17 1013.99 744.422
1 17 991.872 762.048
2 17 976.666 783.821
0 18 1750.12 66.3552
1 18 1733.53 68.4288
2 18 1727.31 70.5024
0 19 982.887 704.195
1 19 962.151 723.687
2 19 945.562 741.52
0 20 1616.02 859.964
1 20 1603.47 880.866
2 20 1597.5 903.26
0 21 1430.78 435.456
1 21 1415.85 445.409
2 21 1405.9 455.363
0 22 1013.99 744.422
1 22 992.84 761.426
2 22 975.422 781.333
0 23 1616.02 859.964
1 23 1603.47 880.866
2 23 1597.5 904.753
0 24 994.333 707.678
1 24 973.431 725.594
2 24 955.515 743.51
0 25 1438.25 437.944
1 25 1420.83 447.898
2 25 1412.37 456.856
0 26 982.389 704.692
1 26 960.492 721.613
2 26 943.571 740.524
0 27 1564.66 418.038
1 27 1549.73 426.996
2 27 1540.77 435.954
0 28 992.84 870.912
1 28 967.459 895.795
2 28 949.543 925.655
0 29 1325.78 603.169
1 29 1307.86 615.113
2 29 1295.92 633.029
0 30 1325.78 612.127
1 30 1304.88 624.071
2 30 1295.92 639.001
0 31 1074.95 782.328
1 31 1057.04 803.23
2 31 1039.12 824.132
0 32 955.515 895.795
1 32 931.627 922.669
2 32 910.725 952.529
0 33 1430.78 435.456
1 33 1412.37 441.926
2 33 1403.41 453.87
0 34 1015.23 743.51
1 34 994.333 761.426
2 34 976.417 782.328
0 35 985.375 859.964
1 35 960.293 881.463
2 35 942.377 910.128
0 36 845.631 512.395
1 36 816.965 530.311
2 36 791.883 548.227
0 37 1325.78 598.391
1 37 1307.86 612.724
2 37 1297.11 627.057
0 38 1261.28 179.159
1 38 1246.95 179.159
2 38 1232.61 186.325
0 39 1315.03 616.307
1 39 1300.7 630.64
2 39 1286.36 644.973
0 40 1436.86 437.148
1 40 1422.52 444.315
2 40 1411.77 455.064
0 41 1243.36 849.214
1 41 1225.45 870.713
2 41 1211.12 895.795
0 42 1017.62 741.719
1 42 996.125 759.635
2 42 978.209 781.134
