14
0 0 1789.92 768.96
1 0 1766.02 744.768
2 0 1761.12 715.68
0 1 1790.21 768.96
1 1 1766.02 744.768
2 1 1760.83 715.392
0 2 1335.74 986.688
1 2 1339.2 969.408
2 2 1354.75 948.672
0 3 1353.02 1002.24
1 3 1356.48 981.504
2 3 1373.76 960.768
0 4 1788.6 767.398
1 4 1766.71 741.52
2 4 1761.73 714.148
0 5 926.899 659.405
1 5 928.144 664.382
2 5 945.562 666.87
0 6 1082.42 141.834
1 6 1062.51 146.811
2 6 1055.05 149.299
0 7 1629.85 691.753
1 7 1607.46 674.335
2 7 1604.97 651.94
0 8 1080.93 140.341
1 8 1063.01 149.299
2 8 1057.04 149.299
0 9 1627.36 692.748
1 9 1606.46 674.833
2 9 1603.47 653.931
0 10 1702.01 569.726
1 10 1676.93 555.393
2 10 1666.18 533.894
0 11 1071.37 150.494
1 11 1049.87 157.66
2 11 1046.29 157.66
0 12 924.461 659.305
1 12 928.044 666.472
2 12 942.377 666.472
0 13 1078.54 139.744
1 13 1064.2 146.91
2 13 1053.46 150.494
