19
0 0 1015.2 1013.76
1 0 1023.84 983.52
2 0 1038.24 959.04
0 1 709.92 740.16
1 1 711.36 708.48
2 1 717.12 684
0 2 732.96 192.96
1 2 727.2 152.64
2 2 724.32 115.2
0 3 646.272 694.656
1 3 646.272 663.552
2 3 648 637.632
0 4 1548.98 505.958
1 4 1559.35 466.56
2 4 1578.01 433.382
0 5 709.171 740.275
1 5 711.245 709.171
2 5 715.392 684.288
0 6 646.963 681.8
1 6 646.963 651.94
2 6 649.452 624.568
0 7 1547.74 505.129
1 7 1559.35 466.56
2 7 1577.6 432.968
0 8 731.566 173.187
1 8 725.594 131.383
2 8 722.608 95.5515
0 9 1196.78 770.384
1 9 1207.53 738.135
2 9 1221.27 713.65
0 10 328.458 468.8
1 10 319.5 435.954
2 10 313.528 409.08
0 11 644.973 680.805
1 11 646.963 651.94
2 11 647.959 624.071
0 12 1310.85 409.08
1 12 1319.81 373.248
2 12 1331.75 337.416
0 13 1483.44 433.565
1 13 1497.77 397.733
2 13 1512.1 361.901
0 14 329.653 465.814
1 14 318.903 437.148
2 14 311.737 408.483
0 15 1193.2 340.402
1 15 1200.37 300.987
2 15 1211.12 265.155
0 16 1186.03 329.653
1 16 1189.62 290.238
2 16 1200.37 254.406
0 17 501.645 644.973
1 17 498.062 612.724
2 17 498.062 587.642
0 18 214.991 720.22
1 18 207.825 691.554
2 18 204.241 670.055
