17
0 0 167.04 794.88
1 0 239.04 773.28
2 0 265.2 764.4
0 1 164.16 796.608
1 1 239.04 773.28
2 1 264.96 764.64
0 2 326.88 708.48
1 2 393.6 690
2 2 420.48 682.56
0 3 226.022 466.56
1 3 300.672 447.552
2 3 326.592 437.184
0 4 283.392 708.48
1 4 354.24 689.472
2 4 380.16 680.832
0 5 325.555 700.877
1 5 390.528 682.56
2 5 418.176 675.648
0 6 924.48 463.104
1 6 997.92 457.92
2 6 1040.26 454.464
0 7 284.083 717.466
1 7 354.586 698.803
2 7 381.542 690.509
0 8 181.647 176.671
1 8 263.347 155.52
2 8 293.622 141.834
0 9 878.377 729.078
1 9 943.073 724.101
2 9 975.422 724.101
0 10 394.15 895.795
1 10 462.828 880.866
2 10 492.688 874.894
0 11 104.509 650.945
1 11 176.173 630.043
2 11 203.047 618.099
0 12 182.145 176.173
1 12 262.767 155.271
2 12 292.627 140.341
0 13 295.612 719.622
1 13 364.29 701.706
2 13 391.164 692.748
0 14 878.377 729.078
1 14 943.571 725.594
2 14 976.417 725.594
0 15 173.187 176.173
1 15 253.809 155.271
2 15 283.669 140.341
0 16 605.558 623.474
1 16 670.055 612.724
2 16 698.72 605.558
