47
0 0 1622 35
1 0 1626 40
2 0 1616 47
0 1 1664.4 37.2
1 1 1669.2 42
2 1 1658.4 49.2
0 2 1411.2 384
1 2 1415.52 397.44
2 2 1408.8 410.4
0 3 1500 42
1 3 1504.8 46.8
2 3 1496.4 54
0 4 1497.6 50.4
1 4 1503.36 54.72
2 4 1493.28 61.92
0 5 1411.2 384.48
1 5 1415.23 397.44
2 5 1408.32 410.4
0 6 1336.8 723.6
1 6 1340.64 738.72
2 6 1336.32 756
0 7 1494.72 65.664
1 7 1499.9 70.848
2 7 1491.26 77.76
0 8 1503.36 74.304
1 8 1508.54 79.488
2 8 1499.9 86.4
0 9 1351.3 710.208
1 9 1356.48 724.032
2 9 1351.3 739.584
0 10 1408.32 381.888
1 10 1411.78 393.984
2 10 1404.86 407.808
0 11 1411.2 384.48
1 11 1415.23 397.44
2 11 1408.32 411.264
0 12 1335.74 722.304
1 12 1340.93 737.856
2 12 1337.47 753.408
0 13 155.52 361.152
1 13 136.512 378.432
2 13 96.768 400.896
0 14 675.994 107.827
1 14 671.846 118.195
2 14 655.258 130.637
0 15 1351.99 709.171
1 15 1356.13 723.687
2 15 1351.99 740.275
0 16 1408.32 381.888
1 16 1413.37 395.643
2 16 1405.9 410.573
0 17 1694.13 877.133
1 17 1704.5 895.795
2 17 1704.5 914.458
0 18 1544.83 658.368
1 18 1552.71 669.358
2 18 1548.98 684.288
0 19 1495.07 64.2816
1 19 1499.21 70.5024
2 19 1490.92 76.7232
0 20 1505.43 68.4288
1 20 1509.58 72.576
2 20 1501.29 80.8704
0 21 1716.94 868.839
1 21 1727.31 885.427
2 21 1727.31 906.163
0 22 1408.39 383.201
1 22 1413.37 395.643
2 22 1405.9 410.573
0 23 1544.83 657.331
1 23 1552.71 669.358
2 23 1550.22 681.8
0 24 1351.99 709.171
1 24 1356.13 723.687
2 24 1353.65 739.031
0 25 584.755 87.0912
1 25 579.779 97.0445
2 25 559.872 109.486
0 26 716.636 109.486
1 26 711.66 119.439
2 26 696.73 131.881
0 27 1199.37 231.414
1 27 1204.35 236.39
2 27 1196.88 243.855
0 28 666.87 104.509
1 28 661.893 114.463
2 28 646.963 126.904
0 29 1545.25 656.917
1 29 1552.71 668.861
2 29 1549.73 683.791
0 30 1346.18 706.683
1 30 1349.67 722.608
2 30 1346.68 737.538
0 31 1200.37 229.921
1 31 1203.35 235.893
2 31 1197.38 241.865
0 32 1707.98 839.062
1 32 1716.94 856.978
2 32 1716.94 874.894
0 33 1728.89 848.02
1 33 1740.83 865.936
2 33 1740.83 883.852
0 34 674.833 107.495
1 34 671.847 116.453
2 34 653.931 128.397
0 35 665.875 104.509
1 35 662.889 113.467
2 35 644.973 125.411
0 36 1337.72 719.622
1 36 1343.69 734.552
2 36 1337.72 752.468
0 37 1408.19 383.4
1 37 1411.77 397.733
2 37 1404.61 412.066
0 38 1347.28 702.304
1 38 1350.86 720.22
2 38 1347.28 734.552
0 39 1336.53 705.887
1 39 1340.11 716.636
2 39 1336.53 734.552
0 40 788.3 243.656
1 40 784.717 254.406
2 40 770.384 268.739
0 41 791.883 218.574
1 41 788.3 229.324
2 41 773.967 243.656
0 42 773.967 125.411
1 42 770.384 136.161
2 42 756.051 150.494
0 43 1340.11 713.053
1 43 1343.69 730.969
2 43 1340.11 745.302
0 44 716.636 107.495
1 44 709.47 114.662
2 44 695.137 128.995
0 45 1200.37 225.74
1 45 1203.95 232.907
2 45 1196.78 240.073
0 46 1705.59 838.465
1 46 1716.34 856.38
2 46 1716.34 874.296
