92
0 0 865 770
1 0 863 771
2 0 862 770
0 1 716 901
1 1 714 902
2 1 713 901
0 2 792 978
1 2 790 980
2 2 789 978
0 3 862 439
1 3 860 440
2 3 858 439
0 4 792 978
1 4 790.8 979.2
2 4 789.6 978
0 5 715.2 900
1 5 712.8 901.2
2 5 711.6 900
0 6 865.2 770.4
1 6 862.8 770.4
2 6 861.6 770.4
0 7 716.4 903.6
1 7 714 904.8
2 7 712.8 903.6
0 8 571.2 717.6
1 8 570 717.6
2 8 568.8 716.4
0 9 654 928.8
1 9 652.8 930
2 9 651.6 928.8
0 10 790.8 981.6
1 10 789.6 982.8
2 10 788.4 981.6
0 11 776.16 707.04
1 11 774 708
2 11 772.8 706.8
0 12 876 696
1 12 873.6 697.2
2 12 872.4 696
0 13 871.2 651.6
1 13 868.8 652.8
2 13 867.6 651.6
0 14 861.6 439.2
1 14 860.4 440.4
2 14 858 439.2
0 15 874.894 779.342
1 15 773.28 708.48
2 15 771.84 707.04
0 16 666.72 925.92
1 16 665.28 927.36
2 16 663.84 925.92
0 17 874.08 689.76
1 17 872.64 691.2
2 17 871.2 689.76
0 18 790.56 999.36
1 18 789.12 1000.8
2 18 787.68 999.36
0 19 714.24 900
1 19 712.8 901.44
2 19 711.36 900
0 20 862.56 708.48
1 20 861.12 709.92
2 20 859.68 708.48
0 21 653.76 928.8
1 21 652.32 930.24
2 21 650.88 928.8
0 22 571.68 717.12
1 22 568.8 718.56
2 22 567.36 717.12
0 23 590.4 912.96
1 23 590.4 914.4
2 23 588.96 912.96
0 24 715.68 904.32
1 24 714.24 904.32
2 24 712.8 904.32
0 25 639.36 927.36
1 25 637.92 928.8
2 25 636.48 927.36
0 26 548.64 724.32
1 26 547.2 724.32
2 26 545.76 722.88
0 27 221.184 810.432
1 27 219.802 810.778
2 27 218.88 807.84
0 28 567.36 835.2
1 28 565.92 836.64
2 28 564.48 835.2
0 29 220.32 810.72
1 29 218.88 812.16
2 29 218.88 810.72
0 30 771.84 642.24
1 30 768.96 643.68
2 30 767.52 642.24
0 31 771.379 640.742
1 31 768.96 642.816
2 31 767.232 641.088
0 32 865.728 772.416
1 32 864 772.416
2 32 862.272 770.688
0 33 694.656 682.56
1 33 692.928 682.56
2 33 691.2 682.56
0 34 571.968 717.12
1 34 568.512 718.848
2 34 568.512 717.12
0 35 590.976 711.936
1 35 587.52 713.664
2 35 587.52 711.936
0 36 874.894 779.342
1 36 873.401 778.844
2 36 772.416 706.752
0 37 874.368 689.472
1 37 870.912 689.472
2 37 870.912 689.472
0 38 864 689.472
1 38 862.272 689.472
2 38 860.544 689.472
0 39 862.272 641.088
1 39 860.544 641.088
2 39 858.816 641.088
0 40 791.424 981.504
1 40 789.696 983.232
2 40 787.968 981.504
0 41 547.776 724.032
1 41 546.048 724.032
2 41 544.32 724.032
0 42 791.424 1000.51
1 42 789.696 1000.51
2 42 787.968 998.784
0 43 789.696 1005.7
1 43 787.968 1007.42
2 43 786.24 1005.7
0 44 220.32 810.72
1 44 218.88 812.16
2 44 219.456 808.704
0 45 722.304 995.328
1 45 718.848 995.328
2 45 718.848 993.6
0 46 867.13 773.967
1 46 768.891 704.195
2 46 767.232 702.951
0 47 694.656 684.288
1 47 691.753 684.288
2 47 690.509 684.288
0 48 572.314 717.466
1 48 570.24 717.466
2 48 568.167 717.466
0 49 768.96 701.568
1 49 864 772.416
2 49 862.618 771.379
0 50 1150.85 931.047
1 50 1148.77 933.12
2 50 1148.77 918.605
0 51 872.986 634.522
1 51 870.912 634.522
2 51 868.839 634.522
0 52 669.773 926.899
1 52 667.699 926.899
2 52 665.626 924.826
0 53 1150.85 931.047
1 53 1148.77 933.12
2 53 1148.77 931.047
0 54 553.651 821.146
1 54 551.578 823.219
2 54 549.504 821.146
0 55 707.098 910.311
1 55 705.024 912.384
2 55 705.024 910.311
0 56 792.115 1001.55
1 56 790.042 1001.55
2 56 787.968 999.475
0 57 576.461 798.336
1 57 574.387 798.336
2 57 574.387 798.336
0 58 790.042 1005.7
1 58 787.968 1007.77
2 58 787.968 1005.7
0 59 541.21 808.704
1 59 539.136 808.704
2 59 537.062 808.704
0 60 221.875 808.704
1 60 219.802 810.778
2 60 219.802 808.704
0 61 771.379 640.742
1 61 769.306 642.816
2 61 767.232 640.742
0 62 792.115 980.813
1 62 790.042 982.887
2 62 787.968 980.813
0 63 572.314 716.636
1 63 569.825 716.636
2 63 569.825 716.636
0 64 589.732 711.66
1 64 587.244 714.148
2 64 587.244 711.66
0 65 873.401 686.776
1 65 870.912 686.776
2 65 870.912 686.776
0 66 547.431 724.101
1 66 544.942 724.101
2 66 544.942 724.101
0 67 866.765 773.453
1 67 864.691 773.453
2 67 863.447 771.379
0 68 221.461 808.704
1 68 219.802 810.778
2 68 218.972 808.704
0 69 863.447 634.522
1 69 859.964 636.015
2 69 860.959 634.522
0 70 539.966 806.216
1 70 537.477 808.704
2 70 537.477 806.216
0 71 577.29 796.263
1 71 574.802 798.751
2 71 574.802 796.263
0 72 706.683 910.725
1 72 706.683 910.725
2 72 704.195 910.725
0 73 775.526 707.098
1 73 871.908 779.342
2 73 870.912 778.844
0 74 639.498 913.214
1 74 637.01 915.702
2 74 637.01 913.214
0 75 770.384 704.692
1 75 768.891 704.195
2 75 767.398 704.692
0 76 573.309 716.636
1 76 570.323 716.636
2 76 570.323 716.636
0 77 546.435 725.594
1 77 543.449 725.594
2 77 543.449 725.594
0 78 865.936 773.37
1 78 686.776 686.776
2 78 862.95 773.37
0 79 863.547 630.64
1 79 859.964 636.015
2 79 859.964 633.029
0 80 874.894 779.342
1 80 873.401 778.844
2 80 871.908 779.342
0 81 862.95 641.987
1 81 859.964 641.39
2 81 859.964 641.987
0 82 549.421 821.146
1 82 546.435 824.132
2 82 546.435 821.146
0 83 220.963 809.202
1 83 220.963 809.202
2 83 220.963 809.202
0 84 562.56 834.881
1 84 558.976 834.881
2 84 558.976 834.881
0 85 587.642 863.547
1 85 584.059 863.547
2 85 584.059 863.547
0 86 775.526 707.098
1 86 773.453 707.098
2 86 870.713 777.55
0 87 867.13 773.967
1 87 768.891 704.195
2 87 863.547 773.967
0 88 591.225 713.053
1 88 587.642 713.053
2 88 587.642 713.053
0 89 863.547 630.64
1 89 859.964 636.015
2 89 859.964 630.64
0 90 870.713 630.64
1 90 867.13 630.64
2 90 867.13 630.64
0 91 863.547 641.39
1 91 859.964 641.39
2 91 859.964 641.39
