32
0 0 95.04 691.2
1 0 148.608 682.56
2 0 198.72 667.008
0 1 62.208 789.696
1 1 112.32 779.328
2 1 158.976 762.048
0 2 58.752 781.056
1 2 108.864 770.688
2 2 153.792 755.136
0 3 94.5562 694.241
1 3 149.299 684.288
2 3 199.066 667.699
0 4 174.182 964.224
1 4 223.949 953.856
2 4 265.421 939.341
0 5 165.888 937.267
1 5 215.654 926.899
2 5 257.126 912.384
0 6 159.667 924.826
1 6 209.019 913.214
2 6 252.979 899.943
0 7 636.595 479.002
1 7 682.214 474.854
2 7 729.907 468.634
0 8 124.416 976.666
1 8 176.256 966.298
2 8 217.728 949.709
0 9 151.373 976.666
1 9 201.139 966.298
2 9 244.685 949.709
0 10 70.5024 792.115
1 10 120.269 781.747
2 10 165.888 765.159
0 11 781.333 418.038
1 11 828.611 413.061
2 11 873.401 410.573
0 12 627.057 462.828
1 12 671.847 460.339
2 12 721.613 452.874
0 13 612.127 139.346
1 13 659.405 134.369
2 13 714.148 126.904
0 14 169.206 958.003
1 14 218.972 945.562
2 14 261.274 930.632
0 15 640.742 740.275
1 15 680.805 734.552
2 15 724.101 729.078
0 16 95.5515 692.748
1 16 149.299 684.288
2 16 199.066 666.87
0 17 159.253 923.167
1 17 209.019 913.214
2 17 251.32 898.284
0 18 124.416 577.29
1 18 169.206 567.337
2 18 216.484 554.896
0 19 785.314 415.052
1 19 827.118 412.066
2 19 877.88 406.094
0 20 630.043 471.786
1 20 677.819 465.814
2 20 725.594 459.842
0 21 636.015 477.758
1 21 683.791 471.786
2 21 731.566 465.814
0 22 164.229 940.585
1 22 212.005 931.627
2 22 256.795 916.697
0 23 612.127 140.341
1 23 659.903 134.369
2 23 713.65 125.411
0 24 639.498 739.031
1 24 680.805 734.552
2 24 722.608 728.58
0 25 122.425 576.295
1 25 170.201 570.323
2 25 217.977 555.393
0 26 630.64 469.397
1 26 677.221 465.814
2 26 723.803 458.647
0 27 168.41 960.293
1 27 218.574 949.543
2 27 261.572 935.21
0 28 157.66 917.295
1 28 207.825 906.545
2 28 250.823 892.212
0 29 627.057 462.23
1 29 673.638 455.064
2 29 723.803 447.898
0 30 154.077 311.737
1 30 204.241 304.57
2 30 257.989 290.238
0 31 636.015 740.524
1 31 680.805 734.552
2 31 720.22 727.386
