79
0 0 873 696
1 0 873 696
2 0 876 695
0 1 668 929
1 1 668 928
2 1 671 926
0 2 765 701
1 2 765 700
2 2 768 699
0 3 861 711
1 3 861 710
2 3 864 710
0 4 858 439
1 4 859 439
2 4 862 439
0 5 859 664
1 5 859 663
2 5 863 663
0 6 871.2 690
1 6 872.4 690
2 6 874.8 688.8
0 7 872.4 696
1 7 872.4 696
2 7 876 694.8
0 8 861.6 770.4
1 8 862.8 770.4
2 8 865.2 769.2
0 9 793.2 1005.6
1 9 793.2 1004.4
2 9 795.6 1002
0 10 712.8 903.6
1 10 712.8 902.4
2 10 715.2 901.2
0 11 711.6 900
1 11 712.8 898.8
2 11 715.2 897.6
0 12 869.76 635.04
1 12 869.76 635.04
2 12 872.64 633.6
0 13 862.56 770.4
1 13 862.56 770.4
2 13 865.44 770.4
0 14 665.28 930.24
1 14 665.28 928.8
2 14 668.16 927.36
0 15 567.36 717.12
1 15 568.8 717.12
2 15 571.68 714.24
0 16 578.88 849.6
1 16 578.88 849.6
2 16 581.76 846.72
0 17 588.96 912.96
1 17 588.96 911.52
2 17 591.84 910.08
0 18 724.32 999.36
1 18 725.76 997.92
2 18 727.2 996.48
0 19 564.48 835.2
1 19 565.92 835.2
2 19 568.8 832.32
0 20 219.802 808.704
1 20 218.88 809.28
2 20 221.76 807.84
0 21 767.52 642.24
1 21 768.96 642.24
2 21 771.84 640.8
0 22 870.912 689.472
1 22 870.912 687.744
2 22 874.368 687.744
0 23 765.504 703.296
1 23 862.618 771.379
2 23 768.96 701.568
0 24 772.416 706.752
1 24 773.28 705.6
2 24 775.872 705.024
0 25 858.816 641.088
1 25 858.816 641.088
2 25 862.272 639.36
0 26 568.512 717.12
1 26 568.512 717.12
2 26 571.968 713.664
0 27 862.272 770.688
1 27 862.272 770.688
2 27 865.728 770.688
0 28 667.008 924.48
1 28 668.736 924.48
2 28 670.464 922.752
0 29 219.802 808.704
1 29 218.88 809.28
2 29 222.912 806.976
0 30 787.968 998.784
1 30 789.696 998.784
2 30 791.424 997.056
0 31 544.32 724.032
1 31 546.048 722.304
2 31 549.504 720.576
0 32 767.232 640.742
1 32 767.232 640.742
2 32 770.688 639.36
0 33 767.232 641.088
1 33 767.232 640.742
2 33 771.379 638.669
0 34 578.534 850.176
1 34 578.534 850.176
2 34 580.608 848.103
0 35 772.416 706.752
1 35 872.986 777.6
2 35 875.059 777.6
0 36 862.618 771.379
1 36 863.447 771.379
2 36 866.765 771.379
0 37 545.357 723.687
1 37 545.357 723.687
2 37 547.43 721.613
0 38 568.167 717.466
1 38 570.24 715.392
2 38 572.314 713.318
0 39 871.908 779.342
1 39 772.416 706.752
2 39 775.526 705.024
0 40 766.403 704.195
1 40 766.403 704.195
2 40 769.306 700.877
0 41 707.098 987.034
1 41 707.098 987.034
2 41 709.171 984.96
0 42 868.839 634.522
1 42 868.839 634.522
2 42 872.986 632.448
0 43 858.471 636.595
1 43 858.471 634.522
2 43 862.618 634.522
0 44 787.968 999.475
1 44 790.042 999.475
2 44 792.115 997.402
0 45 787.968 1005.7
1 45 787.968 1005.7
2 45 790.042 1003.62
0 46 863.447 771.379
1 46 863.447 771.379
2 46 768.891 701.706
0 47 686.776 967.957
1 47 686.776 967.957
2 47 689.265 965.468
0 48 587.244 711.66
1 48 587.244 711.66
2 48 589.732 709.171
0 49 690.509 684.288
1 49 690.509 682.214
2 49 694.241 681.8
0 50 569.825 716.636
1 50 569.825 716.636
2 50 572.314 716.636
0 51 544.942 724.101
1 51 544.942 724.101
2 51 547.431 721.613
0 52 862.618 771.379
1 52 863.447 771.379
2 52 865.936 771.379
0 53 871.908 779.342
1 53 871.908 779.342
2 53 875.889 776.356
0 54 549.919 821.146
1 54 549.919 821.146
2 54 552.407 818.657
0 55 767.232 640.742
1 55 767.232 640.742
2 55 771.379 637.01
0 56 537.477 806.216
1 56 537.477 806.216
2 56 539.966 803.728
0 57 574.802 796.263
1 57 574.802 796.263
2 57 577.29 793.774
0 58 637.01 913.214
1 58 637.01 913.214
2 58 639.498 910.725
0 59 669.358 948.05
1 59 669.358 948.05
2 59 671.847 945.562
0 60 788.798 1000.3
1 60 788.798 997.817
2 60 791.286 997.817
0 61 603.169 880.866
1 61 603.169 880.866
2 61 606.155 877.88
0 62 665.875 925.655
1 62 665.875 925.655
2 62 668.861 922.669
0 63 767.398 704.692
1 63 767.398 704.692
2 63 770.384 704.692
0 64 868.922 686.776
1 64 868.922 683.791
2 64 871.908 683.791
0 65 865.936 441.926
1 65 865.936 441.926
2 65 868.922 441.926
0 66 689.265 684.288
1 66 689.763 683.791
2 66 692.748 683.791
0 67 218.972 808.704
1 67 220.963 809.202
2 67 223.949 806.216
0 68 871.908 779.342
1 68 871.908 779.342
2 68 874.894 776.356
0 69 863.447 771.379
1 69 862.95 773.37
2 69 865.936 773.37
0 70 543.449 725.594
1 70 543.449 725.594
2 70 546.435 722.608
0 71 570.323 716.636
1 71 570.323 716.636
2 71 573.309 719.622
0 72 570.323 716.636
1 72 570.323 716.636
2 72 573.309 713.65
0 73 859.964 702.304
1 73 859.964 702.304
2 73 863.547 702.304
0 74 766.801 702.304
1 74 766.801 702.304
2 74 770.384 702.304
0 75 863.547 773.967
1 75 863.547 773.967
2 75 867.13 773.967
0 76 867.13 705.887
1 76 867.13 705.887
2 76 870.713 705.887
0 77 544.644 820.549
1 77 544.644 820.549
2 77 548.227 816.965
0 78 494.479 816.965
1 78 494.479 816.965
2 78 498.062 813.382
