47
0 0 969.12 747.36
1 0 1006.56 779.04
2 0 1042.56 799.2
0 1 969.12 747.36
1 1 1006.56 779.04
2 1 1045.44 800.64
0 2 925.92 695.52
1 2 960.48 725.76
2 2 997.92 745.92
0 3 257.76 974.88
1 3 286.56 1003.68
2 3 312.48 1015.2
0 4 259.781 868.922
1 4 289.641 892.809
2 4 319.68 900
0 5 362.4 513.6
1 5 394.56 538.56
2 5 426.24 547.2
0 6 257.472 976.32
1 6 286.848 1003.97
2 6 311.04 1016.06
0 7 257.472 967.68
1 7 286.848 995.328
2 7 312.768 1007.42
0 8 722.304 632.448
1 8 755.136 660.096
2 8 789.696 675.648
0 9 357.696 513.216
1 9 388.8 537.408
2 9 421.632 546.048
0 10 969.408 746.496
1 10 1007.42 779.328
2 10 1045.44 800.064
0 11 974.592 746.496
1 11 1012.61 777.6
2 11 1050.62 800.064
0 12 261.274 863.447
1 12 292.32 889.92
2 12 319.68 898.56
0 13 727.834 634.522
1 13 758.938 661.479
2 13 794.189 675.994
0 14 974.592 746.496
1 14 1011.92 777.6
2 14 1051.32 798.336
0 15 810.778 686.362
1 15 843.955 715.392
2 15 877.133 734.055
0 16 926.208 696.384
1 16 962.151 725.76
2 16 999.475 746.496
0 17 1003.62 688.435
1 17 1043.02 719.539
2 17 1082.42 740.275
0 18 727.834 692.583
1 18 761.011 721.613
2 18 794.189 738.202
0 19 261.274 863.447
1 19 292.032 889.92
2 19 319.334 899.943
0 20 717.466 705.024
1 20 750.643 734.055
2 20 783.821 748.57
0 21 261.274 863.447
1 21 289.641 892.809
2 21 318.505 900.772
0 22 721.613 632.033
1 22 753.961 659.405
2 22 788.798 674.335
0 23 935.609 739.031
1 23 972.933 771.379
2 23 1010.26 791.286
0 24 121.928 940.585
1 24 151.788 967.957
2 24 176.671 975.422
0 25 729.078 691.753
1 25 761.426 721.613
2 25 793.774 736.543
0 26 975.422 746.496
1 26 1012.75 776.356
2 26 1050.07 798.751
0 27 699.218 641.987
1 27 731.566 669.358
2 27 763.914 684.288
0 28 259.781 868.922
1 28 290.238 892.212
2 28 319.5 904.753
0 29 928.641 695.734
1 29 964.473 725.594
2 29 1000.3 746.496
0 30 701.706 683.791
1 30 734.552 713.65
2 30 767.398 728.58
0 31 125.411 940.585
1 31 152.285 967.459
2 31 179.159 976.417
0 32 261.274 863.447
1 32 289.641 892.809
2 32 316.514 898.781
0 33 695.734 647.959
1 33 728.58 674.833
2 33 761.426 689.763
0 34 809.202 647.959
1 34 842.048 677.819
2 34 877.88 692.748
0 35 722.608 633.029
1 35 755.454 659.903
2 35 788.3 674.833
0 36 934.613 740.524
1 36 970.445 770.384
2 36 1009.26 791.286
0 37 815.174 650.945
1 37 848.02 680.805
2 37 883.852 695.734
0 38 940.585 728.58
1 38 976.417 761.426
2 38 1015.23 782.328
0 39 128.995 928.044
1 39 157.66 956.71
2 39 186.325 963.876
0 40 809.799 648.556
1 40 842.048 677.221
2 40 877.88 691.554
0 41 974.625 745.302
1 41 1010.46 773.967
2 41 1049.87 795.466
0 42 935.21 738.135
1 42 971.042 770.384
2 42 1010.46 791.883
0 43 809.799 684.388
1 43 845.631 713.053
2 43 877.88 730.969
0 44 379.817 705.887
1 44 408.483 730.969
2 44 437.148 741.719
0 45 940.585 728.58
1 45 978.209 759.635
2 45 1014.04 781.134
0 46 1619.6 662.889
1 46 1676.93 698.72
2 46 1741.43 730.969
