23
0 0 973.44 51.84
1 0 992.16 70.56
2 0 1012.32 125.28
0 1 1045.44 623.808
1 1 1069.98 649.037
2 1 1093.82 706.752
0 2 955.584 65.664
1 2 974.592 84.672
2 2 993.6 138.24
0 3 965.952 76.032
1 3 984.96 95.04
2 3 1003.97 150.336
0 4 898.56 328.32
1 4 914.4 345.6
2 4 929.664 397.44
0 5 952.128 312.768
1 5 967.68 330.048
2 5 984.96 381.888
0 6 957.312 72.576
1 6 976.32 91.584
2 6 995.328 145.152
0 7 897.869 327.629
1 7 914.458 346.291
2 7 931.047 396.058
0 8 186.624 514.253
1 8 199.066 537.477
2 8 209.434 593.05
0 9 470.293 415.55
1 9 485.223 435.456
2 9 497.664 487.711
0 10 897.869 327.629
1 10 915.702 345.877
2 10 930.632 395.643
0 11 186.624 515.082
1 11 200.061 540.463
2 11 211.507 594.709
0 12 1122.23 129.393
1 12 1144.63 149.299
2 12 1167.02 204.042
0 13 1128.04 136.858
1 13 1149.6 154.276
2 13 1172 209.019
0 14 1060.02 552.407
1 14 1084.91 577.29
2 14 1109.79 634.522
0 15 1045.09 624.154
1 15 1069.98 649.037
2 15 1094.86 709.171
0 16 1039.12 764.412
1 16 1066 797.258
2 16 1092.87 862.95
0 17 388.178 355.332
1 17 394.15 372.651
2 17 406.094 426.996
0 18 1122.23 129.393
1 18 1143.63 149.299
2 18 1164.53 203.047
0 19 468.8 415.052
1 19 483.73 435.954
2 19 498.659 489.702
0 20 186.624 515.082
1 20 199.066 537.062
2 20 212.005 594.211
0 21 469.397 415.649
1 21 483.73 433.565
2 21 498.062 487.313
0 22 386.984 354.735
1 22 394.15 372.651
2 22 404.9 426.399
