41
0 0 302.4 813.888
1 0 338.4 810.72
2 0 368.64 803.52
0 1 293.76 547.776
1 1 333.504 546.048
2 1 364.608 540.864
0 2 1577.66 746.496
1 2 1621.56 756.864
2 2 1656.81 765.159
0 3 408.499 466.56
1 3 447.898 466.56
2 3 479.002 462.413
0 4 414.72 460.339
1 4 454.118 460.339
2 4 485.222 458.266
0 5 400.205 437.53
1 5 439.603 437.53
2 5 472.781 433.382
0 6 960.077 441.677
1 6 997.402 443.75
2 6 1028.51 443.75
0 7 244.685 570.24
1 7 284.083 568.167
2 7 317.261 561.946
0 8 413.061 460.339
1 8 452.874 460.339
2 8 485.223 457.851
0 9 1578.01 746.496
1 9 1621.39 758.44
2 9 1657.22 763.914
0 10 293.622 547.431
1 10 333.435 544.942
2 10 365.783 539.966
0 11 420.526 440.433
1 11 460.339 440.433
2 11 492.687 435.456
0 12 256.297 542.454
1 12 296.11 539.966
2 12 328.458 534.989
0 13 301.087 415.55
1 13 340.9 415.55
2 13 373.248 410.573
0 14 243.855 527.524
1 14 283.669 530.012
2 14 316.017 522.547
0 15 935.609 236.39
1 15 976.417 238.879
2 15 1010.26 236.39
0 16 330.947 457.851
1 16 373.248 455.363
2 16 403.108 452.874
0 17 403.108 425.503
1 17 442.921 423.014
2 17 475.269 420.526
0 18 333.85 449.971
1 18 375.736 447.898
2 18 405.596 445.409
0 19 291.134 813.681
1 19 325.472 809.202
2 19 355.332 803.23
0 20 295.612 806.216
1 20 334.43 803.23
2 20 364.29 797.258
0 21 292.627 546.435
1 21 331.444 546.435
2 21 364.29 540.463
0 22 445.409 398.131
1 22 485.223 398.131
2 22 516.575 394.15
0 23 301.584 418.038
1 23 340.402 415.052
2 23 373.248 412.066
0 24 1576.6 746.496
1 24 1621.39 758.44
2 24 1657.22 764.412
0 25 415.052 438.94
1 25 453.87 438.94
2 25 483.73 435.954
0 26 934.613 235.893
1 26 976.417 238.879
2 26 1009.26 235.893
0 27 247.837 513.589
1 27 286.655 513.589
2 27 319.5 507.617
0 28 244.851 465.814
1 28 286.655 462.828
2 28 319.5 459.842
0 29 204.241 193.492
1 29 247.24 193.492
2 29 283.071 186.325
0 30 161.243 902.962
1 30 200.658 899.379
2 30 232.907 892.212
0 31 924.461 236.49
1 31 963.876 236.49
2 31 999.708 236.49
0 32 257.989 541.06
1 32 297.404 537.477
2 32 329.653 533.894
0 33 250.823 533.894
1 33 290.238 530.311
2 33 322.486 526.728
0 34 243.656 458.647
1 34 283.071 455.064
2 34 315.32 451.481
0 35 397.733 422.815
1 35 444.315 422.815
2 35 472.98 419.232
0 36 333.236 437.148
1 36 372.651 433.565
2 36 404.9 429.982
0 37 315.32 415.649
1 37 354.735 415.649
2 37 386.984 408.483
0 38 333.236 444.315
1 38 372.651 440.731
2 38 404.9 437.148
0 39 390.567 422.815
1 39 429.982 422.815
2 39 462.23 419.232
0 40 300.987 415.649
1 40 340.402 415.649
2 40 372.651 408.483
