40
0 0 1162.8 612
1 0 1144.8 608.4
2 0 1124.4 604.8
0 1 1180.8 638.4
1 1 1162.8 633.6
2 1 1142.4 630
0 2 1529.28 900
1 2 1512 887.04
2 2 1493.28 875.52
0 3 1486.08 895.104
1 3 1468.8 883.008
2 3 1451.52 872.64
0 4 1047.17 603.072
1 4 1031.62 599.616
2 4 1012.61 599.616
0 5 1162.94 611.712
1 5 1143.94 606.528
2 5 1124.93 604.8
0 6 1534.46 238.464
1 6 1505.43 234.317
2 6 1472.26 230.17
0 7 1204.76 761.011
1 7 1190.59 753.408
2 7 1171.58 750.643
0 8 796.263 136.858
1 8 778.844 144.323
2 8 752.717 151.373
0 9 1047.17 601.344
1 9 1030.58 599.271
2 9 1011.92 599.271
0 10 1596.67 132.71
1 10 1561.42 128.563
2 10 1526.17 124.416
0 11 773.453 174.182
1 11 754.791 182.477
2 11 729.907 188.698
0 12 1204.35 758.938
1 12 1189.42 753.961
2 12 1172 748.984
0 13 1531.81 238.879
1 13 1505.43 236.39
2 13 1473.09 231.414
0 14 1045.09 681.8
1 14 1030.16 681.8
2 14 1012.75 679.312
0 15 1050.07 612.127
1 15 1035.14 612.127
2 15 1015.23 609.639
0 16 1047.58 599.685
1 16 1030.16 599.685
2 16 1012.75 597.197
0 17 1072.47 808.704
1 17 1060.02 806.216
2 17 1042.61 803.728
0 18 985.375 131.881
1 18 965.468 136.858
2 18 938.097 141.834
0 19 1122.23 741.52
1 19 1107.3 736.543
2 19 1089.88 734.055
0 20 796.263 129.393
1 20 778.844 136.858
2 20 751.473 144.323
0 21 1283.97 549.919
1 21 1264.07 544.942
2 21 1241.67 539.966
0 22 1472.09 904.753
1 22 1454.17 892.809
2 22 1436.26 883.852
0 23 1481.05 471.786
1 23 1457.16 462.828
2 23 1430.29 456.856
0 24 1071.97 809.202
1 24 1057.04 806.216
2 24 1042.11 806.216
0 25 1036.14 815.174
1 25 1024.19 812.188
2 25 1009.26 809.202
0 26 1045.09 600.183
1 26 1030.16 597.197
2 26 1009.26 597.197
0 27 1212.31 743.51
1 27 1197.38 737.538
2 27 1176.48 734.552
0 28 1048.08 615.113
1 28 1033.15 612.127
2 28 1015.23 612.127
0 29 794.272 137.355
1 29 778.844 144.323
2 29 752.468 152.285
0 30 1045.09 680.805
1 30 1030.16 680.805
2 30 1012.25 677.819
0 31 1528.82 889.823
1 31 1510.91 877.88
2 31 1490.01 865.936
0 32 1045.09 698.72
1 32 1030.16 695.734
2 32 1012.25 695.734
0 33 767.398 131.383
1 33 749.482 137.355
2 33 722.608 146.313
0 34 1078.54 784.717
1 34 1067.79 777.55
2 34 1049.87 777.55
0 35 1472.69 902.962
1 35 1454.77 892.212
2 35 1436.86 881.463
0 36 1110.79 730.969
1 36 1096.45 727.386
2 36 1078.54 723.803
0 37 1250.53 634.223
1 37 1232.61 627.057
2 37 1211.12 623.474
0 38 1046.29 698.72
1 38 1031.96 698.72
2 38 1014.04 695.137
0 39 1045.09 680.805
1 39 1030.16 680.805
2 39 1014.04 677.221
