12
0 0 986.688 857.088
1 0 969.408 834.624
2 0 991.872 781.056
0 1 1298.07 810.778
1 1 1232.06 765.504
2 1 1211.33 698.112
0 2 875.889 161.741
1 2 811.193 149.299
2 2 787.968 122.342
0 3 837.734 143.078
1 3 773.453 136.858
2 3 748.57 107.827
0 4 875.889 161.741
1 4 811.193 149.299
2 4 788.798 121.928
0 5 858.471 206.531
1 5 796.263 194.089
2 5 776.356 166.717
0 6 1286.96 821.146
1 6 1224.25 773.868
2 6 1204.35 706.683
0 7 874.894 161.243
1 7 809.202 149.299
2 7 785.314 122.425
0 8 1110.79 877.88
1 8 1060.02 839.062
2 8 1054.05 779.342
0 9 874.894 152.285
1 9 812.188 143.327
2 9 788.3 113.467
0 10 839.062 146.313
1 10 773.37 137.355
2 10 749.482 110.481
0 11 874.296 161.243
1 11 809.799 150.494
2 11 784.717 121.828
