48
0 0 901.44 646.56
1 0 902.88 669.6
2 0 907.2 686.88
0 1 753.12 591.84
1 1 753.12 613.44
2 1 757.44 630.72
0 2 660.096 544.32
1 2 659.405 566.093
2 2 663.552 582.336
0 3 900.288 646.272
1 3 902.016 668.736
2 3 907.2 686.016
0 4 753.408 590.976
1 4 753.408 613.44
2 4 756.864 630.72
0 5 746.496 594.432
1 5 746.496 616.896
2 5 749.952 634.176
0 6 214.272 881.28
1 6 210.816 905.472
2 6 214.272 922.752
0 7 855.36 599.616
1 7 855.36 622.08
2 7 860.544 639.36
0 8 656.64 613.44
1 8 656.64 635.904
2 8 660.096 653.184
0 9 213.581 870.912
1 9 211.507 893.722
2 9 213.581 912.384
0 10 646.963 862.618
1 10 646.963 887.501
2 10 651.11 906.163
0 11 663.552 545.357
1 11 663.552 568.167
2 11 667.699 584.755
0 12 263.347 902.016
1 12 261.274 926.899
2 12 265.421 945.562
0 13 734.055 904.09
1 13 734.055 926.899
2 13 738.202 945.562
0 14 746.496 593.05
1 14 746.496 615.859
2 14 750.643 634.522
0 15 899.943 644.89
1 15 902.016 667.699
2 15 906.163 686.362
0 16 665.626 601.344
1 16 665.626 624.154
2 16 669.773 640.742
0 17 213.996 778.844
1 17 211.507 801.239
2 17 215.654 816.999
0 18 1677.13 923.167
1 18 1689.57 950.538
2 18 1706.99 975.422
0 19 900.772 644.475
1 19 900.772 666.87
2 19 905.749 684.288
0 20 226.437 900.772
1 20 223.949 923.167
2 20 228.925 943.073
0 21 213.996 868.424
1 21 211.507 893.307
2 21 213.996 910.725
0 22 301.087 432.968
1 22 301.087 455.363
2 22 303.575 472.781
0 23 79.6263 851.006
1 23 77.1379 873.401
2 23 79.6263 890.819
0 24 731.566 901.767
1 24 734.055 926.899
2 24 736.543 945.562
0 25 213.996 778.844
1 25 211.507 801.239
2 25 216.484 816.169
0 26 653.931 537.477
1 26 653.931 558.379
2 26 656.917 576.295
0 27 647.959 862.95
1 27 647.959 886.837
2 27 650.945 907.739
0 28 211.507 885.842
1 28 209.019 910.725
2 28 212.005 928.641
0 29 633.029 579.281
1 29 633.029 600.183
2 29 636.015 618.099
0 30 659.903 543.449
1 30 659.903 567.337
2 30 662.889 585.253
0 31 223.949 901.767
1 31 223.949 925.655
2 31 226.935 943.571
0 32 265.753 910.725
1 32 262.767 934.613
2 32 265.753 952.529
0 33 730.969 899.379
1 33 731.566 925.655
2 33 737.538 946.557
0 34 865.936 641.987
1 34 865.936 662.889
2 34 868.922 680.805
0 35 898.781 644.973
1 35 901.767 668.861
2 35 904.753 686.776
0 36 856.978 600.183
1 36 856.978 621.085
2 36 862.95 639.001
0 37 213.996 778.844
1 37 212.005 803.23
2 37 214.991 818.16
0 38 637.806 594.808
1 38 641.39 616.307
2 38 641.39 634.223
0 39 730.969 899.379
1 39 731.566 925.655
2 39 734.552 942.377
0 40 644.973 863.547
1 40 648.556 888.629
2 40 652.139 906.545
0 41 300.987 433.565
1 41 300.987 455.064
2 41 304.57 472.98
0 42 659.305 544.644
1 42 659.305 566.143
2 42 662.889 584.059
0 43 315.32 616.307
1 43 315.32 637.806
2 43 318.903 655.722
0 44 630.64 763.218
1 44 630.64 788.3
2 44 634.223 806.216
0 45 863.547 637.806
1 45 867.13 662.889
2 45 870.713 680.805
0 46 745.302 558.976
1 46 745.302 580.475
2 46 748.885 598.391
0 47 211.408 781.134
1 47 211.408 802.633
2 47 214.991 816.965
