24
0 0 367.2 656.4
1 0 385.344 596.16
2 0 408 496.8
0 1 585.792 967.68
1 1 605.491 908.237
2 1 635.04 803.52
0 2 585.792 967.68
1 2 604.662 910.725
2 2 632.448 806.63
0 3 368.271 659.405
1 3 385.344 599.616
2 3 410.573 499.738
0 4 1094.86 848.103
1 4 1117.67 794.189
2 4 1146.7 698.803
0 5 585.253 970.445
1 5 605.491 908.237
2 5 634.522 806.216
0 6 1368.58 865.936
1 6 1395.95 818.657
2 6 1433.27 719.125
0 7 695.734 603.169
1 7 716.636 549.421
2 7 740.524 450.884
0 8 585.253 970.445
1 8 601.975 906.545
2 8 633.029 809.202
0 9 1071.97 776.356
1 9 1095.86 722.608
2 9 1125.72 627.057
0 10 367.276 659.903
1 10 385.192 600.183
2 10 409.08 498.659
0 11 1068.98 782.328
1 11 1092.87 728.58
2 11 1122.73 633.029
0 12 1367.58 865.936
1 12 1394.45 818.16
2 12 1430.29 719.622
0 13 1096.45 752.468
1 13 1121.54 702.304
2 13 1153.78 601.975
0 14 1107.2 834.881
1 14 1132.29 781.134
2 14 1160.95 684.388
0 15 1368.78 863.547
1 15 1397.44 813.382
2 15 1433.27 716.636
0 16 585.253 970.445
1 16 601.975 906.545
2 16 630.64 806.216
0 17 582.267 979.403
1 17 601.975 913.711
2 17 630.64 813.382
0 18 1067.79 802.633
1 18 1092.87 748.885
2 18 1121.54 652.139
0 19 1096.45 845.631
1 19 1117.95 791.883
2 19 1146.62 695.137
0 20 290.238 867.13
1 20 308.154 802.633
2 20 336.819 702.304
0 21 1089.29 763.218
1 21 1116.76 710.664
2 21 1146.62 612.724
0 22 1067.79 781.134
1 22 1092.87 727.386
2 22 1121.54 630.64
0 23 1379.53 920.878
1 23 1408.19 870.713
2 23 1440.44 773.967
