58
0 0 837 699
1 0 853 699
2 0 869 699
0 1 835.2 638.4
1 1 851 639
2 1 867 639
0 2 939.6 693.6
1 2 956.4 693.6
2 2 973.2 694.8
0 3 631.2 697.2
1 3 646.8 696
2 3 662.4 693.6
0 4 938.4 686.4
1 4 955.2 687.6
2 4 972 688.8
0 5 928.8 685.2
1 5 945.6 685.2
2 5 962.4 686.4
0 6 696 907.2
1 6 711.6 904.8
2 6 726 903.6
0 7 928.8 767.52
1 7 945.6 768
2 7 962.4 769.2
0 8 848.4 960
1 8 864 958.8
2 8 878.4 957.6
0 9 938.4 772.8
1 9 955.2 774
2 9 970.8 775.2
0 10 836.352 701.568
1 10 852.48 701.28
2 10 868.32 701.28
0 11 938.88 686.88
1 11 954.72 686.88
2 11 972 688.32
0 12 927.36 705.6
1 12 944.64 705.6
2 12 960.48 707.04
0 13 770.4 881.28
1 13 784.8 879.84
2 13 800.64 878.4
0 14 928.8 767.52
1 14 945.216 768.96
2 14 961.92 770.4
0 15 770.4 885.6
1 15 786.24 884.16
2 15 800.64 882.72
0 16 766.08 969.12
1 16 781.92 967.68
2 16 796.32 966.24
0 17 853.632 1002.24
1 17 869.184 1000.51
2 17 884.736 1000.51
0 18 929.664 768.96
1 18 945.562 769.306
2 18 962.496 770.688
0 19 763.776 891.648
1 19 777.6 889.92
2 19 793.152 888.192
0 20 830.88 696.96
1 20 846.72 696.384
2 20 862.272 696.384
0 21 651.456 694.656
1 21 665.28 691.2
2 21 680.832 691.2
0 22 938.304 686.016
1 22 953.856 686.016
2 22 971.136 687.744
0 23 927.936 686.016
1 23 945.216 686.016
2 23 962.496 687.744
0 24 746.496 948.672
1 24 762.048 946.944
2 24 777.6 945.216
0 25 286.157 781.747
1 25 302.4 777.6
2 25 319.68 775.872
0 26 604.8 705.024
1 26 622.08 703.296
2 26 635.904 701.568
0 27 286.157 781.747
1 27 302.4 777.6
2 27 319.334 775.526
0 28 597.197 787.968
1 28 613.786 785.895
2 28 628.301 783.821
0 29 937.267 773.453
1 29 953.856 775.526
2 29 970.445 775.526
0 30 636.595 777.6
1 30 653.184 775.526
2 30 667.699 773.453
0 31 928.973 769.306
1 31 945.562 769.306
2 31 962.151 771.379
0 32 605.491 705.024
1 32 622.08 702.951
2 32 636.595 700.877
0 33 937.267 684.288
1 33 953.856 684.288
2 33 970.445 686.362
0 34 651.11 694.656
1 34 665.28 691.2
2 34 682.214 690.509
0 35 632.448 698.803
1 35 646.963 698.803
2 35 663.552 694.656
0 36 769.306 881.28
1 36 785.895 879.207
2 36 800.41 877.133
0 37 836.352 701.568
1 37 853.494 701.706
2 37 868.839 700.877
0 38 746.496 948.05
1 38 761.426 945.562
2 38 776.356 945.562
0 39 644.475 843.541
1 39 659.405 841.052
2 39 674.335 838.564
0 40 768.891 880.865
1 40 783.821 878.377
2 40 798.751 878.377
0 41 836.076 701.706
1 41 853.494 701.706
2 41 868.424 701.706
0 42 938.097 773.868
1 42 953.856 775.526
2 42 970.445 776.356
0 43 938.097 671.847
1 43 953.027 671.847
2 43 970.445 671.847
0 44 831.514 696.73
1 44 848.103 698.803
2 44 863.447 699.218
0 45 928.641 770.384
1 45 848.103 698.803
2 45 962.98 771.379
0 46 286.157 781.333
1 46 303.575 778.844
2 46 318.505 776.356
0 47 848.02 985.375
1 47 862.95 985.375
2 47 877.88 982.389
0 48 761.426 970.445
1 48 776.356 967.459
2 48 791.286 967.459
0 49 743.51 949.543
1 49 758.44 946.557
2 49 773.37 946.557
0 50 286.655 782.328
1 50 304.57 779.342
2 50 319.5 776.356
0 51 831.298 698.72
1 51 848.02 698.72
2 51 862.95 698.72
0 52 677.819 874.894
1 52 692.748 874.894
2 52 707.678 871.908
0 53 594.211 788.3
1 53 609.141 785.314
2 53 624.071 782.328
0 54 286.655 781.134
1 54 304.57 777.55
2 54 318.903 773.967
0 55 659.305 859.964
1 55 673.638 856.38
2 55 687.971 856.38
0 56 691.554 892.212
1 56 705.887 892.212
2 56 720.22 888.629
0 57 601.975 705.887
1 57 619.89 702.304
2 57 634.223 702.304
