30
0 0 1320.19 508.032
1 0 1323.65 514.944
2 0 1316.74 516.672
0 1 1346.11 489.024
1 1 1349.57 494.208
2 1 1342.66 495.936
0 2 1327.1 480.384
1 2 1330.56 485.568
2 2 1323.65 487.296
0 3 1530.32 559.872
1 3 1538.61 566.093
2 3 1536.54 570.24
0 4 1580.08 617.933
1 4 1590.45 624.154
2 4 1588.38 628.301
0 5 1318.81 508.032
1 5 1322.96 514.253
2 5 1316.74 516.326
0 6 1316.74 499.738
1 6 1320.88 505.958
2 6 1312.59 508.032
0 7 1345.77 489.37
1 7 1349.91 495.59
2 7 1341.62 497.664
0 8 1190.25 779.674
1 8 1194.39 787.968
2 8 1184.03 792.115
0 9 1580.08 611.712
1 9 1590.45 617.933
2 9 1588.38 622.08
0 10 1321.3 517.571
1 10 1326.27 525.036
2 10 1318.81 527.524
0 11 696.73 741.52
1 11 691.753 753.961
2 11 671.847 761.426
0 12 1329.18 474.854
1 12 1333.32 481.075
2 12 1326.27 482.734
0 13 1327.1 481.075
1 13 1331.25 485.223
2 13 1323.79 487.711
0 14 1349.91 483.149
1 14 1353.65 487.711
2 14 1348.67 490.199
0 15 1343.69 490.199
1 15 1348.67 495.176
2 15 1341.2 497.664
0 16 561.365 773.37
1 16 555.393 784.717
2 16 534.491 797.258
0 17 691.554 745.302
1 17 691.753 753.961
2 17 668.861 761.426
0 18 1328.76 480.246
1 18 1331.75 486.716
2 18 1322.79 489.702
0 19 1316.82 498.659
1 19 1319.81 507.617
2 19 1313.83 507.617
0 20 695.734 743.51
1 20 687.971 756.051
2 20 670.055 759.635
0 21 1331.75 474.772
1 21 1334.74 480.744
2 21 1329.36 480.146
0 22 1562.27 609.141
1 22 1573.02 616.307
2 22 1573.02 623.474
0 23 1343.69 487.313
1 23 1347.28 490.896
2 23 1340.11 494.479
0 24 1318.61 498.062
1 24 1322.19 505.229
2 24 1315.03 505.229
0 25 1337.72 510.603
1 25 1343.69 512.395
2 25 1336.53 515.978
0 26 1332.94 515.978
1 26 1336.53 519.561
2 26 1329.36 523.145
0 27 1504.94 544.644
1 27 1515.69 551.81
2 27 1512.1 555.393
0 28 648.556 888.629
1 28 644.973 906.545
2 28 623.474 920.878
0 29 1573.02 601.975
1 29 1583.77 609.141
2 29 1580.18 612.724
