35
0 0 1156.8 610.8
1 0 1196.4 610.8
2 0 1245.6 612
0 1 1269.6 715.2
1 1 1310.4 717.12
2 1 1364.4 722.4
0 2 997.2 856.8
1 2 1026 849.6
2 2 1065.6 847.2
0 3 898 647
1 3 925.92 637.92
2 3 966 631.2
0 4 1155 631
1 4 1192.8 627.6
2 4 1242 630
0 5 898 647
1 5 925.92 637.92
2 5 966.24 630.72
0 6 928.8 642.24
1 6 959.04 633.6
2 6 999.36 626.4
0 7 1162.08 632.16
1 7 1201.2 631.2
2 7 1251.36 633.6
0 8 1154.88 627.84
1 8 1193.76 627.84
2 8 1242.72 629.28
0 9 1278.72 720
1 9 1320.48 721.44
2 9 1373.76 727.2
0 10 1268.64 714.24
1 10 1310.4 717.12
2 10 1363.68 721.44
0 11 1275.84 658.08
1 11 1319.04 659.52
2 11 1372.32 665.28
0 12 1155 694.656
1 12 1192.32 694.656
2 12 1240.7 698.112
0 13 897.6 646.8
1 13 925.92 637.92
2 13 965.952 630.72
0 14 1154.3 694.656
1 14 1191.91 696.73
2 14 1240.01 698.803
0 15 895.795 646.963
1 15 924.826 638.669
2 15 964.224 632.448
0 16 928.973 642.816
1 16 960.077 632.448
2 16 999.475 626.227
0 17 1010.26 855.982
1 17 1042.61 848.517
2 17 1082.42 846.029
0 18 895.795 646.963
1 18 925.655 639.498
2 18 965.468 632.033
0 19 930.632 641.987
1 19 960.492 632.033
2 19 1000.3 627.057
0 20 1065.83 628.301
1 20 1101.08 624.154
2 20 1147.12 624.568
0 21 1155 694.656
1 21 1192.32 694.656
2 21 1241.67 696.73
0 22 1154.58 694.241
1 22 1191.91 696.73
2 22 1144.63 597.197
0 23 1061.68 624.154
1 23 1096.93 622.08
2 23 1142.14 622.08
0 24 943.073 639.498
1 24 975.422 632.033
2 24 1015.23 624.568
0 25 1278 674.833
1 25 1319.81 677.819
2 25 1373.55 680.805
0 26 1061.68 624.154
1 26 1096.93 622.08
2 26 1140.65 621.085
0 27 1306.37 455.363
1 27 1352.65 462.828
2 27 1409.38 465.814
0 28 943.571 641.987
1 28 973.431 633.029
2 28 1015.23 627.057
0 29 928.641 641.987
1 29 961.487 633.029
2 29 1000.3 627.057
0 30 1154.58 694.241
1 30 1191.41 695.734
2 30 1239.18 698.72
0 31 1154.58 694.241
1 31 1097.35 622.08
2 31 1143.63 597.197
0 32 1060.62 623.474
1 32 1097.35 622.08
2 32 1143.04 594.808
0 33 892.212 648.556
1 33 924.461 637.806
2 33 963.876 630.64
0 34 942.377 641.39
1 34 974.625 630.64
2 34 1014.04 627.057
