38
0 0 1315.2 403.2
1 0 1297.44 378.72
2 0 1288.8 347.04
0 1 1280.16 390.24
1 1 1261.44 364.32
2 1 1252.8 332.64
0 2 1280.16 384.48
1 2 1262.88 358.56
2 2 1254.24 326.88
0 3 1596.96 502.56
1 3 1582.56 475.2
2 3 1575.36 443.52
0 4 781.056 839.808
1 4 763.776 836.352
2 4 756.864 820.8
0 5 1280.45 390.528
1 5 1263.17 364.608
2 5 1252.8 333.504
0 6 1180.22 1002.24
1 6 1175.04 991.872
2 6 1176.77 972.864
0 7 1563.84 497.664
1 7 1548.29 470.016
2 7 1541.38 438.912
0 8 1281.48 383.616
1 8 1264.9 358.733
2 8 1254.53 327.629
0 9 1563.49 495.59
1 9 1546.91 468.634
2 9 1540.69 437.53
0 10 1565.57 489.37
1 10 1551.05 462.413
2 10 1544.83 431.309
0 11 1281.48 391.91
1 11 1262.82 364.954
2 11 1252.45 333.85
0 12 1266.97 423.014
1 12 1248.31 398.131
2 12 1240.01 367.027
0 13 1648.51 564.019
1 13 1631.92 537.062
2 13 1625.7 505.958
0 14 1312.59 404.352
1 14 1296 377.395
2 14 1287.71 346.291
0 15 1316.74 398.131
1 15 1301.39 370.76
2 15 1291.44 340.9
0 16 1313.83 403.108
1 16 1296.42 378.225
2 16 1286.46 345.877
0 17 1281.49 390.666
1 17 1264.07 365.783
2 17 1254.11 333.435
0 18 1283.97 383.201
1 18 1264.9 358.733
2 18 1256.6 325.97
0 19 1274.02 413.061
1 19 1254.11 385.69
2 19 1246.65 355.83
0 20 1169.51 390.666
1 20 1147.12 363.295
2 20 1134.67 333.435
0 21 994.333 743.51
1 21 967.459 720.22
2 21 949.543 695.734
0 22 1594.52 495.673
1 22 1579.59 468.8
2 22 1573.61 435.954
0 23 1289.95 441.926
1 23 1272.03 418.038
2 23 1263.07 385.192
0 24 1269.04 432.968
1 24 1251.13 409.08
2 24 1242.17 379.22
0 25 1275.02 412.066
1 25 1254.11 385.192
2 25 1245.16 355.332
0 26 1283.97 385.192
1 26 1266.06 358.318
2 26 1257.1 328.458
0 27 1280.99 391.164
1 27 1263.07 367.276
2 27 1254.11 334.43
0 28 1591.53 504.631
1 28 1576.6 477.758
2 28 1570.63 444.912
0 29 994.333 743.51
1 29 967.459 720.22
2 29 949.543 691.554
0 30 1289.95 440.731
1 30 1272.03 415.649
2 30 1264.86 386.984
0 31 1286.36 383.4
1 31 1268.45 358.318
2 31 1257.7 326.07
0 32 1282.78 390.567
1 32 1264.86 365.485
2 32 1254.11 333.236
0 33 1555.1 480.146
1 33 1540.77 455.064
2 33 1533.6 422.815
0 34 1315.03 394.15
1 34 1297.11 369.068
2 34 1289.95 336.819
0 35 1268.45 422.815
1 35 1250.53 397.733
2 35 1239.78 365.485
0 36 1024.79 687.971
1 36 996.125 662.889
2 36 978.209 634.223
0 37 1275.61 408.483
1 37 1257.7 383.4
2 37 1246.95 354.735
