51
0 0 838 875
1 0 859 873
2 0 881 871
0 1 838 880
1 1 859 878
2 1 881 876
0 2 777.6 898.8
1 2 796.8 896.4
2 2 819.6 894
0 3 1002 770.4
1 3 1026 772.8
2 3 1051.2 775.2
0 4 898.8 633.6
1 4 923 635
2 4 946.8 634.8
0 5 1011.6 716.4
1 5 1036.8 717.6
2 5 1062 720
0 6 1000.8 708
1 6 1026 710.4
2 6 1051.2 711.6
0 7 836.64 874.08
1 7 858.24 871.2
2 7 879.84 869.76
0 8 1002.24 771.84
1 8 1025.28 773.28
2 8 1051.2 776.16
0 9 776.16 900
1 9 797.76 897.12
2 9 819.36 894.24
0 10 907.2 701.568
1 10 930.24 702.72
2 10 954.72 702.72
0 11 673.2 696
1 11 695 692
2 11 715.68 689.76
0 12 1005.7 846.72
1 12 1029.89 850.176
2 12 1054.08 850.176
0 13 1002.79 773.868
1 13 1026.43 775.526
2 13 1052.35 775.872
0 14 1010.88 689.472
1 14 1035.07 691.2
2 14 1060.99 692.928
0 15 1012.61 682.56
1 15 1036.8 684.288
2 15 1062.72 686.016
0 16 718.848 684.288
1 16 741.312 680.832
2 16 762.048 679.104
0 17 829.44 883.008
1 17 850.176 881.28
2 17 872.64 879.552
0 18 836.352 872.64
1 18 857.088 870.912
2 18 879.552 869.184
0 19 791.424 896.832
1 19 812.16 893.376
2 19 834.624 891.648
0 20 907.2 701.568
1 20 929.664 703.296
2 20 953.856 703.296
0 21 1012.61 698.112
1 21 1036.8 698.112
2 21 1062.72 701.568
0 22 832.896 886.464
1 22 853.632 884.736
2 22 876.096 883.008
0 23 672.192 696.384
1 23 695.52 691.2
2 23 717.12 689.472
0 24 777.6 903.744
1 24 798.336 900.288
2 24 820.8 898.56
0 25 831.168 962.496
1 25 851.904 959.04
2 25 874.368 957.312
0 26 829.44 883.354
1 26 850.176 881.28
2 26 872.986 879.207
0 27 1003.29 776.356
1 27 1027.68 776.356
2 27 1053.39 777.6
0 28 1001.55 707.098
1 28 1026.43 709.171
2 28 1051.32 711.245
0 29 902.016 698.803
1 29 924.826 698.803
2 29 949.709 700.877
0 30 700.877 688.435
1 30 723.687 684.288
2 30 746.496 682.214
0 31 671.846 696.73
1 31 694.656 692.583
2 31 715.392 690.509
0 32 1016.06 447.898
1 32 1043.02 449.971
2 32 1069.98 452.045
0 33 705.024 767.232
1 33 725.76 765.159
2 33 748.57 761.011
0 34 903.26 699.218
1 34 925.655 699.218
2 34 950.538 701.706
0 35 1005.28 679.312
1 35 1030.16 681.8
2 35 1055.05 681.8
0 36 1010.26 674.335
1 36 1035.14 676.823
2 36 1062.51 679.312
0 37 716.636 684.288
1 37 739.031 681.8
2 37 761.426 679.312
0 38 907.2 701.28
1 38 1032.65 778.844
2 38 1057.54 781.333
0 39 1003.62 773.453
1 39 1027.68 776.356
2 39 1052.56 778.844
0 40 791.286 895.795
1 40 811.193 893.307
2 40 833.587 890.819
0 41 671.847 696.73
1 41 694.241 691.753
2 41 716.636 689.265
0 42 360.806 766.403
1 42 383.201 761.426
2 42 405.596 756.449
0 43 761.426 883.354
1 43 781.333 880.865
2 43 803.728 878.377
0 44 1009.26 686.776
1 44 1033.15 686.776
2 44 1060.02 689.763
0 45 1003.29 680.805
1 45 1030.16 681.8
2 45 1054.05 683.791
0 46 809.202 940.585
1 46 830.104 937.599
2 46 851.006 934.613
0 47 1003.29 773.967
1 47 1028.37 777.55
2 47 1053.46 777.55
0 48 1006.87 670.055
1 48 1031.96 670.055
2 48 1057.04 673.638
0 49 670.055 695.137
1 49 691.554 691.554
2 49 713.053 687.971
0 50 361.304 767.398
1 50 383.4 759.635
2 50 404.9 756.051
