43
0 0 1091 833
1 0 1065 856
2 0 1044 871
0 1 1563.84 99.36
1 1 1533.6 116.64
2 1 1514.88 120.96
0 2 917.28 223.2
1 2 887.04 243.36
2 2 862.56 256.32
0 3 1797.12 470.016
1 3 1767.74 482.112
2 3 1748.74 487.296
0 4 1458.43 566.784
1 4 1432.51 582.336
2 4 1413.5 590.976
0 5 1579.39 456.192
1 5 1553.47 470.016
2 5 1534.46 475.2
0 6 1282.18 105.408
1 6 1252.8 124.416
2 6 1232.06 131.328
0 7 1266.62 986.688
1 7 1242.43 1007.42
2 7 1221.7 1022.98
0 8 1786.75 720.576
1 8 1760.49 734.055
2 8 1741.82 741.312
0 9 1636.07 109.901
1 9 1604.97 126.49
2 9 1586.3 130.637
0 10 1283.56 105.754
1 10 1252.45 124.416
2 10 1231.72 130.637
0 11 1449.45 667.699
1 11 1424.56 684.288
2 11 1405.9 692.583
0 12 1843.43 213.581
1 12 1810.25 228.096
2 12 1789.52 230.17
0 13 1250.38 976.666
1 13 1225.5 999.475
2 13 1204.76 1013.99
0 14 1786.61 719.125
1 14 1760.49 734.055
2 14 1741.82 740.275
0 15 1710.72 700.877
1 15 1684.59 714.148
2 15 1665.1 721.613
0 16 1495.48 544.942
1 16 1470.6 559.872
2 16 1450.69 567.337
0 17 1077.44 828.611
1 17 1052.56 851.006
2 17 1030.16 865.936
0 18 1279 589.732
1 18 1254.11 607.15
2 18 1234.21 617.104
0 19 1796.57 470.293
1 19 1766.71 482.734
2 19 1749.29 487.711
0 20 1786.61 719.125
1 20 1759.24 734.055
2 20 1741.82 739.031
0 21 1450.69 666.87
1 21 1425.81 684.288
2 21 1408.39 691.753
0 22 1710.97 701.706
1 22 1684.59 714.148
2 22 1667.17 721.613
0 23 1454.17 179.159
1 23 1425.81 194.089
2 23 1405.9 199.066
0 24 1582.16 454.118
1 24 1555.2 467.804
2 24 1537.78 472.781
0 25 1784.42 716.636
1 25 1759.24 734.055
2 25 1740.83 740.524
0 26 913.711 223.949
1 26 880.866 244.851
2 26 856.978 256.795
0 27 1077.94 830.104
1 27 1051.07 853.992
2 27 1030.16 868.922
0 28 1561.67 95.5515
1 28 1531.81 110.481
2 28 1510.91 116.453
0 29 1591.53 716.636
1 29 1567.64 731.566
2 29 1549.73 740.524
0 30 1346.68 143.327
1 30 1316.82 161.243
2 30 1295.92 170.201
0 31 1495.98 543.449
1 31 1469.1 558.379
2 31 1451.19 564.351
0 32 1451.19 668.861
1 32 1424.31 683.791
2 32 1406.4 692.748
0 33 1681.11 450.884
1 33 1654.24 465.814
2 33 1633.33 471.786
0 34 1454.17 179.159
1 34 1425.81 194.089
2 34 1406.4 200.061
0 35 1343.69 161.243
1 35 1315.03 179.159
2 35 1293.53 186.325
0 36 913.711 222.157
1 36 881.463 243.656
2 36 856.38 254.406
0 37 1590.93 713.053
1 37 1565.85 730.969
2 37 1547.93 738.135
0 38 1451.19 666.472
1 38 1426.11 684.388
2 38 1408.19 691.554
0 39 1282.78 648.556
1 39 1254.11 666.472
2 39 1236.2 677.221
0 40 1347.28 143.327
1 40 1318.61 161.243
2 40 1297.11 168.41
0 41 1343.69 121.828
1 41 1315.03 139.744
2 41 1293.53 146.91
0 42 1280.99 107.495
1 42 1251.13 125.411
2 42 1232.61 132.578
