28
0 0 766.08 303.84
1 0 797.76 349.92
2 0 826.56 398.88
0 1 754.791 717.466
1 1 793.774 773.868
2 1 825.984 829.44
0 2 495.59 862.618
1 2 525.312 915.84
2 2 549.504 976.32
0 3 754.791 717.466
1 3 793.44 774.72
2 3 829.44 835.661
0 4 640.742 559.872
1 4 667.699 607.565
2 4 690.509 655.258
0 5 620.006 263.347
1 5 653.184 306.893
2 5 680.141 356.659
0 6 769.306 306.893
1 6 800.41 352.512
2 6 829.44 402.278
0 7 495.59 862.618
1 7 524.621 916.531
2 7 549.504 974.592
0 8 754.791 717.466
1 8 794.272 776.356
2 8 828.611 836.076
0 9 530.012 216.484
1 9 562.36 261.274
2 9 592.22 308.552
0 10 1301.39 569.825
1 10 1343.69 622.08
2 10 1383.51 679.312
0 11 140.341 558.379
1 11 164.229 606.155
2 11 188.117 650.945
0 12 531.505 214.991
1 12 561.365 262.767
2 12 591.225 310.542
0 13 642.816 769.306
1 13 671.847 821.146
2 13 698.72 874.894
0 14 507.617 229.921
1 14 540.463 274.711
2 14 567.337 322.486
0 15 1304.28 569.726
1 15 1347.28 623.474
2 15 1382.51 683.791
0 16 754.791 717.466
1 16 794.272 776.356
2 16 830.104 836.076
0 17 507.617 250.823
1 17 540.463 295.612
2 17 567.337 343.388
0 18 639.001 558.379
1 18 665.875 606.155
2 18 689.763 653.931
0 19 641.987 767.398
1 19 673.638 816.965
2 19 698.72 870.713
0 20 444.315 709.47
1 20 472.98 759.635
2 20 498.062 809.799
0 21 426.399 702.304
1 21 455.064 752.468
2 21 480.146 802.633
0 22 755.454 719.622
1 22 795.466 773.967
2 22 827.715 834.881
0 23 1304.28 569.726
1 23 1347.28 623.474
2 23 1386.69 680.805
0 24 150.494 562.56
1 24 175.576 609.141
2 24 200.658 655.722
0 25 537.477 218.574
1 25 569.726 265.155
2 25 598.391 311.737
0 26 910.128 702.304
1 26 942.377 752.468
2 26 967.459 802.633
0 27 639.498 559.872
1 27 665.875 606.155
2 27 687.971 652.139
