51
0 0 654 442.8
1 0 690 436.8
2 0 735.6 427.2
0 1 668.736 416.448
1 1 705.024 409.536
2 1 749.952 400.896
0 2 648 412.992
1 2 686.016 407.808
2 2 730.944 397.44
0 3 532.224 770.688
1 3 566.784 760.32
2 3 609.984 749.952
0 4 654.912 442.368
1 4 691.2 435.456
2 4 736.128 426.816
0 5 262.656 708.48
1 5 297.216 696.384
2 5 343.872 682.56
0 6 553.651 385.69
1 6 592.704 378.432
2 6 639.36 368.064
0 7 476.928 167.962
1 7 517.571 159.253
2 7 566.093 149.299
0 8 534.989 771.379
1 8 568.167 761.011
2 8 611.712 750.643
0 9 528.768 763.085
1 9 561.946 754.791
2 9 605.491 744.422
0 10 430.479 958.003
1 10 466.56 945.562
2 10 510.106 931.047
0 11 543.283 512.179
1 11 580.608 503.885
2 11 626.227 493.517
0 12 508.032 505.958
1 12 545.357 497.664
2 12 593.05 487.296
0 13 655.258 441.677
1 13 690.509 435.456
2 13 736.128 425.088
0 14 661.479 435.456
1 14 696.73 429.235
2 14 742.349 420.941
0 15 553.651 385.69
1 15 592.704 378.432
2 15 638.669 369.101
0 16 649.037 412.646
1 16 686.362 406.426
2 16 731.981 396.058
0 17 502.641 497.664
1 17 539.966 487.711
2 17 587.244 477.758
0 18 497.664 490.199
1 18 534.989 482.734
2 18 582.267 470.293
0 19 656.917 440.433
1 19 691.753 435.456
2 19 736.543 425.503
0 20 534.989 771.379
1 20 568.167 761.011
2 20 612.127 751.473
0 21 527.524 763.914
1 21 561.946 754.791
2 21 604.662 744.008
0 22 263.762 706.683
1 22 298.598 694.241
2 22 345.877 681.8
0 23 263.762 706.683
1 23 298.598 694.241
2 23 340.9 681.8
0 24 1184.44 231.414
1 24 1229.23 226.437
2 24 1281.49 218.972
0 25 669.358 415.55
1 25 704.195 410.573
2 25 748.984 400.62
0 26 554.896 385.69
1 26 592.22 378.225
2 26 639.498 368.271
0 27 651.94 400.62
1 27 689.265 393.155
2 27 734.055 383.201
0 28 659.903 435.954
1 28 692.748 432.968
2 28 740.524 421.024
0 29 477.758 167.215
1 29 516.575 158.257
2 29 567.337 149.299
0 30 498.659 477.758
1 30 537.477 468.8
2 30 585.253 456.856
0 31 430.479 958.003
1 31 465.814 940.585
2 31 510.603 925.655
0 32 582.267 477.758
1 32 621.085 468.8
2 32 665.875 459.842
0 33 534.989 771.379
1 33 570.323 761.426
2 33 612.127 752.468
0 34 519.561 773.37
1 34 551.81 763.218
2 34 597.197 752.468
0 35 519.561 767.398
1 35 552.407 758.44
2 35 597.197 746.496
0 36 501.645 498.659
1 36 540.463 489.702
2 36 585.253 477.758
0 37 567.337 388.178
1 37 606.155 379.22
2 37 650.945 370.262
0 38 1185.44 229.921
1 38 1227.24 226.935
2 38 1280.99 217.977
0 39 507.617 504.631
1 39 546.435 495.673
2 39 591.225 486.716
0 40 235.893 364.29
1 40 274.711 352.346
2 40 325.472 340.402
0 41 508.812 505.229
1 41 544.644 494.479
2 41 591.225 483.73
0 42 519.561 773.37
1 42 551.81 763.218
2 42 594.808 752.468
0 43 498.062 422.815
1 43 537.477 415.649
2 43 584.059 404.9
0 44 265.155 705.887
1 44 300.987 691.554
2 44 347.569 680.805
0 45 515.978 766.801
1 45 551.81 756.051
2 45 594.808 745.302
0 46 584.059 476.563
1 46 619.89 465.814
2 46 666.472 458.647
0 47 1186.03 229.324
1 47 1225.45 225.74
2 47 1279.2 218.574
0 48 476.563 164.826
1 48 515.978 157.66
2 48 566.143 146.91
0 49 584.059 404.9
1 49 623.474 397.733
2 49 670.055 386.984
0 50 587.642 412.066
1 50 623.474 404.9
2 50 670.055 394.15
