30
0 0 1250.4 988.8
1 0 1186.8 980.4
2 0 1136.4 969.6
0 1 1258.56 1013.76
1 1 1195.78 1003.97
2 1 1144.8 992.16
0 2 1258.56 1009.44
1 2 1195.2 1000.8
2 2 1144.8 987.84
0 3 1264.9 1016.06
1 3 1202.69 1007.42
2 3 1152.58 995.328
0 4 1477.44 279.936
1 4 1403.14 271.296
2 4 1332.29 260.928
0 5 1269.04 1007.77
1 5 1206.84 999.475
2 5 1155 987.034
0 6 1215.13 201.139
1 6 1146.7 196.992
2 6 1078.27 192.845
0 7 1397.61 984.96
1 7 1329.18 972.519
2 7 1273.19 953.856
0 8 1053.39 763.085
1 8 987.034 758.938
2 8 928.973 756.864
0 9 1181.95 184.136
1 9 1112.28 179.159
2 9 1040.12 174.182
0 10 1179.88 190.771
1 10 1112.28 186.624
2 10 1040.12 181.647
0 11 1398.44 985.375
1 11 1329.18 972.519
2 11 1274.02 955.515
0 12 1241.67 992.84
1 12 1176.98 982.887
2 12 1127.21 972.933
0 13 1174.49 236.39
1 13 1101.83 232.907
2 13 1035.14 228.925
0 14 1296.42 985.375
1 14 1231.72 975.422
2 14 1176.98 960.492
0 15 1182.45 182.145
1 15 1110.79 179.159
2 15 1042.11 173.187
0 16 1179.46 191.103
1 16 1110.79 185.131
2 16 1039.12 182.145
0 17 1051.07 197.075
1 17 979.403 194.089
2 17 910.725 191.103
0 18 1212.31 200.061
1 18 1146.62 197.075
2 18 1074.95 191.103
0 19 1398.44 985.375
1 19 1331.25 972.933
2 19 1275.02 958.501
0 20 1170.51 238.879
1 20 1101.83 232.907
2 20 1033.15 229.921
0 21 1218.28 193.492
1 21 1146.62 186.325
2 21 1078.54 182.742
0 22 1211.12 200.658
1 22 1146.62 197.075
2 22 1074.95 189.909
0 23 1053.46 759.635
1 23 988.958 756.051
2 23 931.627 756.051
0 24 1182.45 182.742
1 24 1110.79 179.159
2 24 1042.71 171.993
0 25 877.88 591.225
1 25 806.216 591.225
2 25 741.719 594.808
0 26 1193.2 243.656
1 26 1125.12 240.073
2 26 1057.04 236.49
0 27 1469.1 261.572
1 27 1397.44 254.406
2 27 1325.78 243.656
0 28 1465.52 268.739
1 28 1397.44 261.572
2 28 1322.19 250.823
0 29 1049.87 197.075
1 29 978.209 193.492
2 29 910.128 189.909
