37
0 0 1329.12 925.92
1 0 1321.92 921.6
2 0 1304.64 925.92
0 1 1404 56.16
1 1 1380.96 56.16
2 1 1356.48 63.36
0 2 1548 596.16
1 2 1532.16 591.84
2 2 1509.12 594.72
0 3 1019.52 158.4
1 3 1003.68 164.16
2 3 983.52 172.8
0 4 1403.14 55.296
1 4 1380.67 57.024
2 4 1356.48 63.936
0 5 1551.74 634.176
1 5 1536.19 628.992
2 5 1513.73 630.72
0 6 1328.83 926.208
1 6 1321.92 921.024
2 6 1304.64 926.208
0 7 1705 421.024
1 7 1683.76 418.867
2 7 1656.81 420.941
0 8 1171.58 777.6
1 8 1163.29 775.526
2 8 1146.7 781.747
0 9 1327.1 926.899
1 9 1320.88 922.752
2 9 1304.29 926.899
0 10 1381.02 607.565
1 10 1368.58 605.491
2 10 1347.84 609.638
0 11 1569.72 599.271
1 11 1553.13 595.123
2 11 1530.32 597.197
0 12 1018.14 157.594
1 12 1003.62 163.814
2 12 982.887 172.109
0 13 1017.72 159.253
1 13 1000.3 164.229
2 13 982.887 174.182
0 14 1702.01 689.265
1 14 1684.59 684.288
2 14 1659.71 684.288
0 15 1704.5 423.014
1 15 1684.59 418.038
2 15 1657.22 420.526
0 16 1570.13 599.685
1 16 1552.71 594.709
2 16 1530.32 597.197
0 17 841.052 863.447
1 17 841.052 868.424
2 17 828.611 878.377
0 18 1005.28 166.717
1 18 990.352 171.694
2 18 972.933 181.647
0 19 423.014 325.97
1 19 418.038 338.412
2 19 403.108 353.342
0 20 1555.1 634.223
1 20 1537.78 630.043
2 20 1513.89 633.029
0 21 1702.01 689.265
1 21 1684.59 684.288
2 21 1660.21 683.791
0 22 928.044 648.556
1 22 922.669 656.917
2 22 907.739 665.875
0 23 1466.12 98.5375
1 23 1445.22 98.5375
2 23 1418.34 104.509
0 24 839.062 865.936
1 24 839.062 868.922
2 24 827.118 880.866
0 25 1015.23 158.257
1 25 1000.3 164.229
2 25 982.389 173.187
0 26 1705 421.024
1 26 1684.59 418.038
2 26 1657.22 418.038
0 27 1580.08 141.834
1 27 1555.1 139.744
2 27 1528.82 143.327
0 28 1555.1 634.223
1 28 1537.19 627.057
2 28 1515.69 630.64
0 29 1171.7 773.967
1 29 1160.95 770.384
2 29 1146.62 777.55
0 30 1340.11 938.794
1 30 1332.94 931.627
2 30 1315.03 935.21
0 31 1465.52 114.662
1 31 1444.02 114.662
2 31 1418.94 121.828
0 32 928.044 648.556
1 32 920.878 655.722
2 32 906.545 662.889
0 33 1698.43 687.971
1 33 1684.1 680.805
2 33 1659.01 680.805
0 34 1325.78 928.044
1 34 1322.19 924.461
2 34 1304.28 928.044
0 35 1006.87 168.41
1 35 988.958 171.993
2 35 971.042 182.742
0 36 839.062 865.936
1 36 842.048 870.713
2 36 827.715 881.463
