38
0 0 1467.6 105.6
1 0 1456.8 97.2
2 0 1450.8 86.4
0 1 1497.6 119.52
1 1 1487.52 112.32
2 1 1481.76 100.8
0 2 1530.72 115.2
1 2 1520.64 106.56
2 2 1516.32 95.04
0 3 1493.28 109.44
1 3 1483.2 100.8
2 3 1477.44 89.28
0 4 1859.33 153.792
1 4 1854.14 141.696
2 4 1854.14 127.872
0 5 1698.62 131.328
1 5 1689.98 120.96
2 5 1688.26 108.864
0 6 1548.29 110.592
1 6 1537.92 101.952
2 6 1534.46 89.856
0 7 1408.32 408.96
1 7 1391.39 410.573
2 7 1384.13 407.808
0 8 1546.56 114.048
1 8 1536.19 105.408
2 8 1531.01 93.312
0 9 1333.74 716.636
1 9 1323.79 721.613
2 9 1316.74 721.613
0 10 1492.99 122.342
1 10 1482.62 114.048
2 10 1476.4 103.68
0 11 1495.07 134.784
1 11 1482.62 126.49
2 11 1478.48 116.122
0 12 1405.9 408.499
1 12 1391.39 410.573
2 12 1383.09 408.499
0 13 1424.56 99.5328
1 13 1412.12 91.2384
2 13 1405.9 80.8704
0 14 1482.62 116.122
1 14 1472.26 107.827
2 14 1466.04 97.4592
0 15 1687.91 138.931
1 15 1679.62 128.563
2 15 1677.54 116.122
0 16 1447.37 95.3856
1 16 1437.01 87.0912
2 16 1428.71 76.7232
0 17 1679.62 128.563
1 17 1671.32 118.195
2 17 1669.25 105.754
0 18 873.401 542.454
1 18 855.982 549.919
2 18 841.052 552.407
0 19 1687.08 139.346
1 19 1679.62 129.393
2 19 1677.13 116.951
0 20 1485.53 134.369
1 20 1475.57 126.904
2 20 1470.6 114.463
0 21 1333.74 716.636
1 21 1323.79 721.613
2 21 1316.32 721.613
0 22 1341.2 716.636
1 22 1331.25 721.613
2 22 1323.79 724.101
0 23 1710.72 848.103
1 23 1706.99 851.006
2 23 1704.5 853.494
0 24 1405.9 408.499
1 24 1390.97 410.573
2 24 1383.51 408.085
0 25 1328.76 716.636
1 25 1318.81 719.125
2 25 1311.34 721.613
0 26 1697.03 134.369
1 26 1689.57 124.416
2 26 1687.08 111.974
0 27 1624.87 121.928
1 27 1617.41 111.974
2 27 1612.43 99.5328
0 28 1341.2 716.636
1 28 1331.25 721.613
2 28 1322.79 725.594
0 29 1405.9 408.085
1 29 1391.47 412.066
2 29 1382.51 409.08
0 30 1484.03 134.369
1 30 1475.08 128.397
2 30 1469.1 116.453
0 31 1487.02 119.439
1 31 1478.06 110.481
2 31 1472.09 98.5375
0 32 1492.99 137.355
1 32 1481.05 131.383
2 32 1475.08 119.439
0 33 1600.49 122.425
1 33 1591.53 113.467
2 33 1588.54 101.523
0 34 1325.78 709.47
1 34 1315.03 716.636
2 34 1307.86 716.636
0 35 1336.53 709.47
1 35 1325.78 716.636
2 35 1318.61 716.636
0 36 1406.4 409.08
1 36 1390.27 412.066
2 36 1383.11 408.483
0 37 859.964 551.81
1 37 842.048 562.56
2 37 827.715 562.56
