39
0 0 1572 48
1 0 1538.4 56.4
2 0 1501.2 63.6
0 1 1525.2 51.6
1 1 1491.6 60
2 1 1454.4 67.2
0 2 1392.48 430.56
1 2 1360.8 452.4
2 2 1324.8 470.4
0 3 1571.04 47.52
1 3 1537.92 56.16
2 3 1500.48 63.36
0 4 1490.4 54.72
1 4 1455.84 64.8
2 4 1419.84 72
0 5 1388.16 427.68
1 5 1356.48 449.28
2 5 1320.48 468
0 6 1537.92 51.84
1 6 1504.8 60.48
2 6 1467.36 67.68
0 7 1392.48 430.56
1 7 1358.21 458.266
2 7 1324.8 470.88
0 8 1702.08 60.48
1 8 1667.52 67.68
2 8 1630.08 74.88
0 9 1543.68 44.64
1 9 1510.56 53.28
2 9 1473.12 60.48
0 10 1644.48 54.72
1 10 1607.04 63.36
2 10 1571.04 70.56
0 11 1479.17 65.664
1 11 1446.34 74.304
2 11 1410.05 82.944
0 12 1845.5 72.576
1 12 1808.18 78.7968
2 12 1768.78 85.0176
0 13 1340.93 760.32
1 13 1314.66 783.821
2 13 1283.56 804.557
0 14 1484.7 91.2384
1 14 1453.59 99.5328
2 14 1416.27 107.827
0 15 1388.48 429.982
1 15 1358.62 452.874
2 15 1321.3 470.293
0 16 1341.2 761.426
1 16 1313.83 785.314
2 16 1283.97 803.728
0 17 1331.25 766.403
1 17 1306.37 786.309
2 17 1274.02 808.704
0 18 1536.54 700.877
1 18 1511.65 717.466
2 18 1480.55 734.055
0 19 1182.45 256.795
1 19 1152.59 268.739
2 19 1117.26 281.18
0 20 1537.78 698.72
1 20 1510.91 716.636
2 20 1481.05 734.552
0 21 752.468 259.781
1 21 707.678 286.655
2 21 659.903 310.542
0 22 748.984 238.879
1 22 704.692 265.753
2 22 656.917 286.655
0 23 1336.53 756.051
1 23 1307.86 782.328
2 23 1278 800.244
0 24 710.664 155.271
1 24 665.875 182.145
2 24 615.113 200.061
0 25 1333.74 761.426
1 25 1307.86 782.328
2 25 1275.02 806.216
0 26 1341.2 761.426
1 26 1313.83 785.314
2 26 1283.97 806.216
0 27 1182.45 256.795
1 27 1152.59 268.739
2 27 1116.76 280.683
0 28 1731.87 904.753
1 28 1707.98 925.655
2 28 1681.11 943.571
0 29 609.141 143.327
1 29 561.365 170.201
2 29 507.617 191.103
0 30 1388.48 429.982
1 30 1358.03 451.481
2 30 1322.19 469.397
0 31 1537.19 698.72
1 31 1512.1 716.636
2 31 1479.85 730.969
0 32 1343.69 759.635
1 32 1315.03 784.717
2 32 1286.36 802.633
0 33 1329.36 766.801
1 33 1300.7 791.883
2 33 1272.03 809.799
0 34 1182.45 254.406
1 34 1153.78 265.155
2 34 1117.95 275.905
0 35 710.664 155.271
1 35 666.472 179.159
2 35 616.307 200.658
0 36 609.141 143.327
1 36 561.365 170.201
2 36 508.812 189.909
0 37 1702.01 902.962
1 37 1680.51 924.461
2 37 1651.85 945.96
0 38 609.141 143.327
1 38 567.337 170.201
2 38 515.978 189.909
