38
0 0 1415 655
1 0 1403 656
2 0 1390 659
0 1 1614 108
1 1 1603.2 102
2 1 1590 98.4
0 2 1606.8 106.8
1 2 1596 102
2 2 1582.8 97.2
0 3 1529.28 99.36
1 3 1517.76 93.6
2 3 1506.24 89.28
0 4 1414.08 609.12
1 4 1401.6 610.8
2 4 1388.16 613.44
0 5 1216.51 717.12
1 5 1200.96 722.304
2 5 1187.14 729.216
0 6 1213.06 124.416
1 6 1197.5 122.688
2 6 1181.95 120.96
0 7 1548.29 480.384
1 7 1537.92 478.656
2 7 1525.82 478.656
0 8 1460.16 584.064
1 8 1448.06 584.064
2 8 1435.97 585.792
0 9 1684.1 752.468
1 9 1675.47 752.717
2 9 1663.03 754.791
0 10 779.674 282.01
1 10 754.791 286.157
2 10 729.907 290.304
0 11 1397.61 727.834
1 11 1385.17 731.981
2 11 1372.72 736.128
0 12 1548.98 479.002
1 12 1537.92 478.656
2 12 1526.17 476.928
0 13 997.402 918.605
1 13 978.739 931.047
2 13 960.077 945.562
0 14 1835.14 199.066
1 14 1824.77 192.845
2 14 1810.25 188.698
0 15 1772.93 769.306
1 15 1762.56 772.416
2 15 1750.12 771.379
0 16 622.08 843.541
1 16 603.169 856.978
2 16 577.29 873.401
0 17 1609.94 104.509
1 17 1599.99 99.5328
2 17 1585.06 94.5562
0 18 1557.69 776.356
1 18 1545.25 781.333
2 18 1532.81 783.821
0 19 1838.87 199.066
1 19 1831.4 194.089
2 19 1816.47 189.112
0 20 778.844 281.18
1 20 753.961 286.157
2 20 726.59 291.134
0 21 1281.49 166.717
1 21 1266.56 164.229
2 21 1251.63 164.229
0 22 1548.98 479.002
1 22 1540.27 477.758
2 22 1527.83 475.269
0 23 1398.44 726.59
1 23 1385.99 731.566
2 23 1373.55 734.055
0 24 1214.3 716.636
1 24 1199.37 721.613
2 24 1184.44 729.078
0 25 1685.84 750.643
1 25 1676.93 752.468
2 25 1664.69 753.961
0 26 1397.44 728.58
1 26 1385.5 731.566
2 26 1373.55 734.552
0 27 1555.7 779.342
1 27 1545.25 781.333
2 27 1531.81 785.314
0 28 1552.71 474.772
1 28 1542.76 472.781
2 28 1531.81 471.786
0 29 1209.32 128.397
1 29 1194.39 125.411
2 29 1179.46 122.425
0 30 1770.69 770.384
1 30 1761.73 771.379
2 30 1749.79 770.384
0 31 1684.1 752.468
1 31 1676.93 752.468
2 31 1663.19 755.454
0 32 1401.02 727.386
1 32 1386.69 730.969
2 32 1375.94 734.552
0 33 627.057 842.048
1 33 605.558 856.38
2 33 580.475 870.713
0 34 1552.71 474.772
1 34 1542.76 472.781
2 34 1533.6 469.397
0 35 1555.7 779.342
1 35 1543.75 782.328
2 35 1530.02 781.134
0 36 1279.2 182.742
1 36 1264.86 179.159
2 36 1250.53 179.159
0 37 1687.08 751.473
1 37 1676.93 752.468
2 37 1666.18 752.468
