31
0 0 1278.72 446.4
1 0 1304.64 459.36
2 0 1320.48 469.44
0 1 1280.45 442.368
1 1 1306.37 454.118
2 1 1323.65 466.56
0 2 1278.72 445.824
1 2 1306.37 459.648
2 2 1321.92 470.016
0 3 1444.61 501.12
1 3 1475.71 516.672
2 3 1494.72 530.496
0 4 1451.52 502.848
1 4 1482.62 518.4
2 4 1503.36 532.224
0 5 1281.48 441.677
1 5 1306.37 454.118
2 5 1325.03 466.56
0 6 171.694 846.029
1 6 167.962 862.618
2 6 151.373 881.28
0 7 1281.48 447.898
1 7 1306.37 460.339
2 7 1320.88 470.707
0 8 1162.05 736.543
1 8 1178.5 753.408
2 8 1188.17 767.232
0 9 1273.19 474.854
1 9 1298.07 487.296
2 9 1314.66 497.664
0 10 692.928 705.024
1 10 700.877 719.539
2 10 700.877 731.981
0 11 1296.42 452.874
1 11 1321.3 465.316
2 11 1338.72 477.758
0 12 1281.48 447.898
1 12 1306.37 460.339
2 12 1321.3 470.293
0 13 171.694 846.029
1 13 167.962 862.618
2 13 151.788 880.865
0 14 750.643 528.768
1 14 761.426 539.966
2 14 763.914 549.919
0 15 559.872 736.543
1 15 567.337 749.482
2 15 567.337 761.426
0 16 691.753 706.683
1 16 698.72 719.622
2 16 701.706 729.078
0 17 1161.55 737.538
1 17 1179.46 752.468
2 17 1188.42 767.398
0 18 650.945 836.076
1 18 656.917 853.992
2 18 656.917 871.908
0 19 1283.97 441.926
1 19 1307.86 453.87
2 19 1325.78 465.814
0 20 1280.99 447.898
1 20 1304.88 459.842
2 20 1319.81 471.786
0 21 661.893 823.634
1 21 668.861 839.062
2 21 668.861 856.978
0 22 1295.92 453.87
1 22 1319.81 465.814
2 22 1337.72 477.758
0 23 689.763 707.678
1 23 699.218 719.125
2 23 698.72 731.566
0 24 559.872 736.543
1 24 566.143 745.302
2 24 564.351 761.426
0 25 687.971 705.887
1 25 698.72 719.622
2 25 698.72 730.969
0 26 659.305 820.549
1 26 666.472 838.465
2 26 666.472 856.38
0 27 749.482 528.519
1 27 759.635 541.06
2 27 763.218 551.81
0 28 1283.97 441.926
1 28 1307.86 453.87
2 28 1325.78 462.23
0 29 173.187 848.02
1 29 170.201 865.936
2 29 154.077 881.463
0 30 558.976 734.552
1 30 566.143 745.302
2 30 566.143 759.635
