44
0 0 1065 856
1 0 1044 871
2 0 1024 883
0 1 1533.6 116.4
1 1 1514.4 121.2
2 1 1498.8 123.6
0 2 1290.24 370.08
1 2 1270.08 378.72
2 2 1255.2 382.8
0 3 1064.16 855.36
1 3 1042.56 869.76
2 3 1022.4 881.28
0 4 1290.24 370.08
1 4 1270.08 378.432
2 4 1254.24 383.04
0 5 1767.74 482.112
1 5 1748.74 487.296
2 5 1733.18 490.752
0 6 1261.44 667.008
1 6 1240.7 677.376
2 6 1223.42 684.288
0 7 1423.87 684.288
1 7 1406.59 692.928
2 7 1389.31 699.84
0 8 1289.09 371.52
1 8 1270.08 378.432
2 8 1252.8 383.616
0 9 1683.76 715.392
1 9 1665.1 721.613
2 9 1650.24 727.488
0 10 1759.24 734.055
1 10 1741.82 740.275
2 10 1725.24 746.496
0 11 1424.56 684.288
1 11 1405.9 692.583
2 11 1389.31 698.803
0 12 1684.59 714.148
1 12 1667.17 721.613
2 12 1650.59 727.834
0 13 1418.34 597.197
1 13 1399.68 605.491
2 13 1383.09 611.712
0 14 1816.47 238.879
1 14 1796.57 241.367
2 14 1781.64 243.855
0 15 1811.5 226.437
1 15 1794.08 231.414
2 15 1774.17 233.902
0 16 1470.6 559.872
1 16 1450.69 567.337
2 16 1435.76 572.314
0 17 1585.06 216.484
1 17 1565.15 221.461
2 17 1550.22 223.949
0 18 1755.76 731.566
1 18 1741.82 739.031
2 18 1724.41 744.008
0 19 1425.81 684.288
1 19 1408.39 691.753
2 19 1390.97 699.218
0 20 1065 853.494
1 20 1042.61 868.424
2 20 1022.7 880.865
0 21 1052.56 851.006
1 21 1030.16 865.936
2 21 1010.26 878.377
0 22 1316.32 164.229
1 22 1293.93 171.694
2 22 1276.51 174.182
0 23 1555.2 467.804
1 23 1537.78 472.781
2 23 1520.36 477.758
0 24 1654.24 465.814
1 24 1633.33 471.786
2 24 1618.4 474.772
0 25 1469.1 558.379
1 25 1451.19 564.351
2 25 1433.27 570.323
0 26 1251.13 125.411
1 26 1232.61 132.578
2 26 1212.31 137.355
0 27 1045.09 862.95
1 27 1024.19 877.88
2 27 1003.29 889.823
0 28 1313.83 179.159
1 28 1292.93 185.131
2 28 1275.02 191.103
0 29 1063.01 853.992
1 29 1042.11 868.922
2 29 1021.21 880.866
0 30 1567.64 731.566
1 30 1549.73 740.524
2 30 1531.81 746.496
0 31 1051.07 853.992
1 31 1030.16 868.922
2 31 1009.26 880.866
0 32 1812.49 226.935
1 32 1794.58 229.921
2 32 1776.66 232.907
0 33 1316.82 161.243
1 33 1295.92 170.201
2 33 1278 173.187
0 34 1684.1 716.636
1 34 1667.17 721.613
2 34 1651.25 728.58
0 35 881.463 243.656
1 35 856.38 254.406
2 35 831.298 261.572
0 36 1251.13 125.411
1 36 1232.61 132.578
2 36 1214.7 136.161
0 37 1426.11 684.388
1 37 1408.19 691.554
2 37 1390.27 698.72
0 38 1254.11 666.472
1 38 1236.2 677.221
2 38 1218.28 684.388
0 39 1315.03 179.159
1 39 1293.53 186.325
2 39 1275.61 189.909
0 40 1762.93 483.73
1 40 1745.01 487.313
2 40 1730.68 490.896
0 41 1318.61 161.243
1 41 1297.11 168.41
2 41 1279.2 171.993
0 42 1315.03 139.744
1 42 1293.53 146.91
2 42 1275.61 150.494
0 43 1684.1 713.053
1 43 1666.18 720.22
2 43 1651.85 727.386
