22
0 0 1159.49 1017.79
1 0 1173.6 937.44
2 0 1183.68 862.56
0 1 407.808 497.664
1 1 413.28 416.16
2 1 406.08 345.6
0 2 407.808 497.664
1 2 412.646 416.794
2 2 406.426 346.291
0 3 1273.19 684.288
1 3 1289.78 603.418
2 3 1298.07 526.694
0 4 87.0912 753.961
1 4 91.2384 673.92
2 4 87.0912 612.127
0 5 619.592 938.097
1 5 632.033 858.471
2 5 639.498 791.286
0 6 211.507 933.12
1 6 223.949 855.982
2 6 226.437 796.263
0 7 1274.02 684.288
1 7 1288.95 602.174
2 7 1298.9 527.524
0 8 634.522 806.216
1 8 644.89 725.76
2 8 649.452 656.917
0 9 1433.27 719.125
1 9 1450.69 637.01
2 9 1463.13 557.384
0 10 633.029 809.202
1 10 644.475 726.59
2 10 647.959 659.903
0 11 409.08 498.659
1 11 415.052 418.038
2 11 406.094 346.374
0 12 212.005 934.613
1 12 223.949 855.982
2 12 226.935 797.258
0 13 618.099 940.585
1 13 633.029 859.964
2 13 639.001 791.286
0 14 630.64 813.382
1 14 644.973 731.566
2 14 647.959 665.875
0 15 333.236 709.47
1 15 340.402 630.64
2 15 336.819 566.143
0 16 212.005 934.613
1 16 222.157 856.38
2 16 225.74 795.466
0 17 351.152 659.305
1 17 358.318 580.475
2 17 354.735 515.978
0 18 1157.37 616.307
1 18 1164.53 530.311
2 18 1175.28 455.064
0 19 630.64 806.216
1 19 644.973 730.969
2 19 648.556 659.305
0 20 409.08 498.659
1 20 415.649 419.232
2 20 408.483 347.569
0 21 1433.27 716.636
1 21 1451.19 634.223
2 21 1465.52 555.393
