43
0 0 1679.04 421.92
1 0 1651.68 424.8
2 0 1622.88 434.88
0 1 1550.88 571.68
1 1 1527.84 574.56
2 1 1501.92 586.08
0 2 1552.32 576
1 2 1529.28 578.88
2 2 1503.36 590.4
0 3 1683.76 418.867
1 3 1656.81 420.941
2 3 1626.05 432
0 4 1684.8 684.288
1 4 1660.61 686.016
2 4 1632.96 696.384
0 5 1380.67 57.024
1 5 1356.48 63.936
2 5 1328.83 77.76
0 6 1679.62 420.941
1 6 1652.66 423.014
2 6 1623.63 433.382
0 7 1366.5 557.798
1 7 1345.77 561.946
2 7 1320.88 574.387
0 8 1320.88 922.752
1 8 1304.29 926.899
2 8 1283.56 943.488
0 9 922.752 659.405
1 9 906.163 667.699
2 9 885.427 686.362
0 10 1163.29 775.526
1 10 1146.7 781.747
2 10 1125.96 798.336
0 11 1685.84 684.288
1 11 1660.95 684.288
2 11 1634 696.73
0 12 1536.54 628.301
1 12 1513.73 632.448
2 12 1488.84 642.816
0 13 1683.76 418.867
1 13 1657.22 420.526
2 13 1627.78 431.309
0 14 1684.59 684.288
1 14 1659.71 684.288
2 14 1634.83 694.241
0 15 1321.3 923.167
1 15 1306.37 928.144
2 15 1283.97 943.073
0 16 1537.78 629.545
1 16 1515.39 632.033
2 16 1490.5 641.987
0 17 1587.55 515.082
1 17 1562.67 517.571
2 17 1535.29 527.524
0 18 1786.61 420.526
1 18 1756.75 423.014
2 18 1726.89 432.968
0 19 1149.6 773.868
1 19 1134.67 778.844
2 19 1112.28 796.263
0 20 1684.59 418.038
1 20 1657.22 420.526
2 20 1627.36 430.479
0 21 1000.3 164.229
1 21 982.887 174.182
2 21 958.003 191.601
0 22 990.352 171.694
1 22 972.933 181.647
2 22 948.05 199.066
0 23 991.347 173.187
1 23 970.445 182.145
2 23 946.557 200.061
0 24 1684.59 684.288
1 24 1660.21 683.791
2 24 1633.33 695.734
0 25 922.669 656.917
1 25 907.739 665.875
2 25 883.852 683.791
0 26 1445.22 98.5375
1 26 1418.34 104.509
2 26 1391.47 119.439
0 27 1806.52 671.847
1 27 1780.84 670.055
2 27 1752.77 680.805
0 28 1000.3 164.229
1 28 982.389 173.187
2 28 955.515 191.103
0 29 841.052 868.424
1 29 828.611 878.377
2 29 806.216 901.767
0 30 1161.55 773.37
1 30 1149.6 779.342
2 30 1125.72 797.258
0 31 1555.1 139.744
1 31 1528.82 143.327
2 31 1498.96 155.271
0 32 1684.59 418.038
1 32 1657.22 420.526
2 32 1627.36 429.982
0 33 1365.19 601.975
1 33 1343.69 609.141
2 33 1318.61 619.89
0 34 1332.94 931.627
1 34 1315.03 935.21
2 34 1293.53 953.126
0 35 1537.19 627.057
1 35 1515.69 630.64
2 35 1490.6 641.39
0 36 920.878 655.722
1 36 906.545 662.889
2 36 885.046 680.805
0 37 1150.2 773.967
1 37 1132.29 777.55
2 37 1110.79 795.466
0 38 1322.19 924.461
1 38 1304.28 928.044
2 38 1282.78 945.96
0 39 988.958 171.993
1 39 971.042 182.742
2 39 945.96 200.658
0 40 842.048 870.713
1 40 827.715 881.463
2 40 806.216 902.962
0 41 1806.52 671.847
1 41 1780.84 670.055
2 41 1752.18 680.805
0 42 1555.1 139.744
1 42 1528.82 143.327
2 42 1497.77 154.077
