28
0 0 1064.45 673.92
1 0 1047.17 679.104
2 0 1031.62 680.832
0 1 1477.44 447.552
1 1 1470.53 445.824
2 1 1463.62 438.912
0 2 1085.18 801.792
1 2 1067.9 813.888
2 2 1050.62 822.528
0 3 1600.13 428.544
1 3 1594.94 426.816
2 3 1589.76 419.904
0 4 1095.55 706.752
1 4 1080 711.936
2 4 1062.72 713.664
0 5 1064.45 673.92
1 5 1047.17 679.104
2 5 1032.65 680.141
0 6 1078.27 673.92
1 6 1061.68 678.067
2 6 1045.09 680.141
0 7 1095.55 706.752
1 7 1080.35 711.245
2 7 1063.76 713.318
0 8 1381.02 595.123
1 8 1370.65 597.197
2 8 1362.36 597.197
0 9 1831.4 119.439
1 9 1828.92 111.974
2 9 1826.43 99.5328
0 10 1480.55 442.921
1 10 1472.09 441.926
2 10 1465.62 435.456
0 11 1740.83 435.954
1 11 1737.84 435.954
2 11 1731.87 429.982
0 12 1080.93 803.23
1 12 1063.01 815.174
2 12 1048.08 824.132
0 13 1077.44 674.335
1 13 1060.02 680.805
2 13 1045.09 680.805
0 14 1077.44 793.774
1 14 1060.02 803.23
2 14 1042.11 812.188
0 15 1304.88 797.258
1 15 1292.93 809.202
2 15 1280.99 815.174
0 16 1497.77 852.797
1 16 1487.02 867.13
2 16 1481.05 880.866
0 17 1647.27 798.751
1 17 1642.29 811.193
2 17 1636.32 818.16
0 18 1648.26 800.244
1 18 1642.29 810.778
2 18 1637.51 816.965
0 19 1372.36 587.642
1 19 1365.19 591.225
2 19 1354.44 591.225
0 20 1741.43 437.148
1 20 1734.26 437.148
2 20 1734.26 429.982
0 21 1304.88 797.258
1 21 1292.93 809.202
2 21 1282.78 813.382
0 22 1307.86 791.286
1 22 1292.93 803.23
2 22 1282.78 806.216
0 23 956.71 498.062
1 23 935.21 498.062
2 23 913.711 494.479
0 24 1080.93 803.23
1 24 1064.2 813.382
2 24 1046.29 820.549
0 25 1497.77 852.797
1 25 1487.02 867.13
2 25 1479.85 877.88
0 26 1077.94 794.272
1 26 1060.02 803.23
2 26 1042.71 809.799
0 27 1676.93 673.638
1 27 1673.35 680.805
2 27 1669.76 684.388
