47
0 0 507 577
1 0 546 587
2 0 583 599
0 1 124.8 783.6
1 1 164.16 790.56
2 1 200.4 806.4
0 2 507.6 577.2
1 2 546 586.8
2 2 583.2 598.8
0 3 183.6 620.4
1 3 222 628.8
2 3 258 642
0 4 1153.44 838.08
1 4 1206.72 856.8
2 4 1260 878.4
0 5 183.6 620.4
1 5 222.912 628.992
2 5 257.76 642.24
0 6 1095.84 779.04
1 6 1146.24 796.32
2 6 1198.08 816.48
0 7 976.32 758.592
1 7 1022.98 774.144
2 7 1067.9 791.424
0 8 870.912 774.144
1 8 914.112 789.696
2 8 957.312 806.976
0 9 1095.84 779.04
1 9 1147.39 796.608
2 9 1197.5 815.616
0 10 1152.58 836.352
1 10 1206.72 856.8
2 10 1259.71 877.824
0 11 184.32 620.64
1 11 222 628.8
2 11 259.2 642.816
0 12 183.168 620.352
1 12 223.949 630.375
2 12 259.2 642.816
0 13 976.666 758.938
1 13 1022.28 773.453
2 13 1067.9 792.115
0 14 1152.92 835.661
1 14 1204.76 856.397
2 14 1258.68 877.133
0 15 1097.28 779.328
1 15 1148.77 796.263
2 15 1198.54 814.925
0 16 868.839 690.509
1 16 912.384 702.951
2 16 953.856 719.539
0 17 126.49 839.808
1 17 164.16 846.72
2 17 201.139 864.691
0 18 975.422 758.938
1 18 1022.7 773.868
2 18 1067.49 791.286
0 19 883.354 701.706
1 19 928.144 714.148
2 19 967.957 729.078
0 20 184.136 622.08
1 20 223.949 629.545
2 20 258.785 644.475
0 21 599.685 617.104
1 21 639.498 624.568
2 21 676.823 639.498
0 22 878.377 699.218
1 22 920.679 711.66
2 22 962.98 726.59
0 23 111.974 828.611
1 23 151.788 836.076
2 23 186.624 853.494
0 24 124.416 838.564
1 24 166.717 848.517
2 24 201.554 863.447
0 25 1152.09 836.076
1 25 1204.35 853.494
2 25 1259.09 875.889
0 26 1451.19 928.641
1 26 1519.87 955.515
2 26 1588.54 982.389
0 27 507.617 561.365
1 27 546.435 570.323
2 27 582.267 582.267
0 28 400.122 916.697
1 28 437.148 928.044
2 28 474.772 946.557
0 29 871.908 698.72
1 29 919.683 713.65
2 29 961.487 728.58
0 30 964.473 719.622
1 30 1009.26 734.552
2 30 1054.05 749.482
0 31 868.922 689.763
1 31 913.711 704.692
2 31 955.515 719.622
0 32 185.131 624.071
1 32 223.949 630.043
2 32 259.781 644.973
0 33 101.523 836.076
1 33 140.341 842.048
2 33 176.173 859.964
0 34 110.481 830.104
1 34 152.285 836.076
2 34 185.131 853.992
0 35 1098.84 779.342
1 35 1149.6 797.258
2 35 1200.37 815.174
0 36 892.212 745.302
1 36 935.21 759.635
2 36 978.209 777.55
0 37 877.88 698.72
1 37 920.878 713.053
2 37 963.876 727.386
0 38 397.733 917.295
1 38 437.148 928.044
2 38 472.98 945.96
0 39 505.229 558.976
1 39 548.227 569.726
2 39 584.059 580.475
0 40 881.463 763.218
1 40 924.461 777.55
2 40 967.459 795.466
0 41 892.212 770.384
1 41 935.21 784.717
2 41 978.209 802.633
0 42 1150.2 834.881
1 42 1203.95 852.797
2 42 1257.7 874.296
0 43 852.797 752.468
1 43 898.781 767.398
2 43 938.794 781.134
0 44 1107.2 824.132
1 44 1160.95 845.631
2 44 1211.12 863.547
0 45 1100.04 777.55
1 45 1150.2 795.466
2 45 1200.37 813.382
0 46 1132.29 838.465
1 46 1186.03 856.38
2 46 1236.2 877.88
