38
0 0 1121.76 626.4
1 0 1107.36 622.08
2 0 1098.72 616.32
0 1 993.255 690.509
1 1 978.739 688.435
2 1 969.408 680.832
0 2 1802.3 748.224
1 2 1786.75 729.216
2 2 1769.47 713.664
0 3 1152.58 744.768
1 3 1138.41 740.275
2 3 1130.11 730.944
0 4 1470.6 853.494
1 4 1457.74 839.808
2 4 1445.3 827.367
0 5 993.255 690.509
1 5 978.739 688.435
2 5 970.445 682.214
0 6 724.101 156.764
1 6 700.877 161.741
2 6 686.362 157.594
0 7 694.656 151.373
1 7 669.773 157.594
2 7 657.331 155.52
0 8 1804.03 748.57
1 8 1787.44 727.834
2 8 1770.85 713.318
0 9 725.76 149.299
1 9 700.877 155.52
2 9 688.435 153.446
0 10 1470.6 853.494
1 10 1458.16 838.564
2 10 1445.71 826.122
0 11 1189.42 639.498
1 11 1174.49 632.033
2 11 1164.53 624.568
0 12 990.352 597.197
1 12 975.422 594.709
2 12 967.957 589.732
0 13 1490.5 119.439
1 13 1463.13 109.486
2 13 1445.71 102.021
0 14 694.241 151.788
1 14 669.358 156.764
2 14 656.917 154.276
0 15 992.84 691.753
1 15 977.91 689.265
2 15 970.445 684.288
0 16 908.237 144.323
1 16 883.354 146.811
2 16 870.912 141.834
0 17 1838.87 701.706
1 17 1821.45 681.8
2 17 1804.03 666.87
0 18 991.347 674.833
1 18 976.417 671.847
2 18 967.957 666.87
0 19 724.101 156.764
1 19 699.218 161.741
2 19 686.776 159.253
0 20 1152.09 746.496
1 20 1139.65 739.031
2 20 1129.7 731.566
0 21 724.101 149.299
1 21 699.218 154.276
2 21 686.776 151.788
0 22 1440.74 226.437
1 22 1415.85 216.484
2 22 1400.92 209.019
0 23 1039.12 725.594
1 23 1027.18 722.608
2 23 1018.22 716.636
0 24 991.347 674.833
1 24 976.417 671.847
2 24 967.459 665.875
0 25 1490.01 119.439
1 25 1463.13 110.481
2 25 1445.22 101.523
0 26 1415.36 871.908
1 26 1406.4 859.964
2 26 1394.45 848.02
0 27 1466.12 862.95
1 27 1454.17 848.02
2 27 1445.22 836.076
0 28 722.608 155.271
1 28 698.72 161.243
2 28 683.791 158.257
0 29 910.725 143.327
1 29 883.852 146.313
2 29 871.908 143.327
0 30 1157.37 727.386
1 30 1143.04 720.22
2 30 1132.29 713.053
0 31 991.347 674.833
1 31 976.417 671.847
2 31 971.042 666.472
0 32 1024.79 802.633
1 32 1014.04 799.05
2 32 1006.87 791.883
0 33 1429.69 863.547
1 33 1418.94 849.214
2 33 1408.19 834.881
0 34 1415.36 870.713
1 34 1404.61 856.38
2 34 1393.86 845.631
0 35 1802.34 752.468
1 35 1788.01 734.552
2 35 1770.09 720.22
0 36 988.958 806.216
1 36 978.209 802.633
2 36 971.042 795.466
0 37 1175.28 945.96
1 37 1168.12 938.794
2 37 1160.95 928.044
