30
0 0 360 578.88
1 0 357.696 513.216
2 0 349.056 470.016
0 1 91.2384 673.92
1 1 87.0912 611.712
2 1 74.304 573.696
0 2 413.28 416.16
1 2 406.08 345.6
2 2 395.712 297.216
0 3 691.2 889.92
1 3 699.84 822.528
2 3 705.024 779.328
0 4 1219.28 964.224
1 4 1225.5 887.501
2 4 1233.79 835.661
0 5 412.992 416.448
1 5 406.08 345.6
2 5 396.058 298.598
0 6 92.0679 674.335
1 6 87.0912 611.712
2 6 74.6496 574.387
0 7 1289.78 603.418
1 7 1298.07 526.694
2 7 1304.29 472.781
0 8 358.733 580.608
1 8 356.659 514.253
2 8 348.365 470.707
0 9 690.509 891.648
1 9 698.803 823.219
2 9 705.024 779.674
0 10 748.984 363.295
1 10 746.496 286.157
2 10 741.52 233.902
0 11 1167.02 948.05
1 11 1176.98 873.401
2 11 1186.93 823.634
0 12 1288.95 602.174
1 12 1298.9 527.524
2 12 1306.37 472.781
0 13 358.733 580.608
1 13 356.659 514.253
2 13 348.365 470.293
0 14 413.061 415.55
1 14 406.426 346.291
2 14 395.643 298.598
0 15 632.033 858.471
1 15 639.498 791.286
2 15 641.987 746.496
0 16 1450.69 637.01
1 16 1463.13 557.384
2 16 1470.6 500.152
0 17 749.482 364.29
1 17 746.496 286.655
2 17 740.524 235.893
0 18 358.318 579.281
1 18 355.332 513.589
2 18 346.374 471.786
0 19 247.837 749.482
1 19 247.837 686.776
2 19 241.865 647.959
0 20 415.052 418.038
1 20 406.094 346.374
2 20 397.136 298.598
0 21 349.36 624.071
1 21 346.374 558.379
2 21 340.402 516.575
0 22 340.402 633.029
1 22 337.416 567.337
2 22 331.444 525.533
0 23 630.64 859.964
1 23 637.806 791.883
2 23 641.39 748.885
0 24 1171.7 533.894
1 24 1182.45 455.064
2 24 1186.03 401.316
0 25 415.649 419.232
1 25 408.483 347.569
2 25 397.733 300.987
0 26 223.949 856.978
1 26 225.74 795.466
2 26 222.157 756.051
0 27 340.402 630.64
1 27 336.819 566.143
2 27 329.653 523.145
0 28 1451.19 634.223
1 28 1465.52 555.393
2 28 1472.69 498.062
0 29 644.973 731.566
1 29 648.556 659.305
2 29 648.556 616.307
