47
0 0 1262 620
1 0 1251 636
2 0 1241 651
0 1 1878 94
1 1 1770 85
2 1 1770 86
0 2 1419 452
1 2 1410 463
2 2 1404 472
0 3 960 724.8
1 3 943.2 745.2
2 3 926.4 764.4
0 4 1778.4 78
1 4 1772.4 80.4
2 4 1772.4 81.6
0 5 1790.4 79.2
1 5 1783.2 81.6
2 5 1784.4 82.8
0 6 1549.2 428.4
1 6 1540.8 437.76
2 6 1537.2 446.4
0 7 1812.96 82.08
1 7 1807.2 83.52
2 7 1808.64 84.96
0 8 1418.4 452.16
1 8 1409.76 462.24
2 8 1404 470.88
0 9 1245.6 758.88
1 9 1234.08 780.48
2 9 1222.56 800.64
0 10 1853.28 86.4
1 10 1821.6 84.96
2 10 1823.04 86.4
0 11 1064.16 806.4
1 11 1048.32 829.44
2 11 1033.92 852.48
0 12 1790.21 89.856
1 12 1785.02 91.584
2 12 1785.02 93.312
0 13 1838.59 84.672
1 13 1857.6 89.856
2 13 1833.41 88.128
0 14 1764.29 76.032
1 14 1757.38 77.76
2 14 1757.38 79.488
0 15 1427.33 447.552
1 15 1418.34 458.266
2 15 1411.78 466.56
0 16 1071.36 329.76
1 16 1055.81 340.416
2 16 1045.44 347.328
0 17 1064.16 806.4
1 17 1048.32 829.44
2 17 1033.34 851.904
0 18 1236.96 756
1 18 1223.42 775.872
2 18 1213.06 796.608
0 19 1308.1 618.624
1 19 1297.73 635.904
2 19 1289.09 649.728
0 20 1548.29 428.544
1 20 1541.38 435.456
2 20 1536.19 445.824
0 21 962.151 723.687
1 21 943.488 742.349
2 21 926.899 761.011
0 22 1422.49 445.824
1 22 1414.2 454.118
2 22 1407.97 464.486
0 23 970.445 895.795
1 23 951.783 924.826
2 23 931.047 953.856
0 24 1426.64 447.898
1 24 1418.34 458.266
2 24 1412.12 466.56
0 25 1061.68 804.557
1 25 1045.09 827.367
2 25 1030.58 850.176
0 26 991.872 762.048
1 26 976.666 783.821
2 26 960.077 804.557
0 27 1071.36 329.76
1 27 1055.81 340.416
2 27 1045.09 346.291
0 28 1250.38 742.349
1 28 1237.94 763.085
2 28 1227.57 779.674
0 29 962.151 723.687
1 29 945.562 741.52
2 29 928.144 761.426
0 30 1415.85 445.409
1 30 1405.9 455.363
2 30 1400.92 465.316
0 31 1421.33 444.912
1 31 1415.85 452.874
2 31 1408.39 462.828
0 32 992.84 761.426
1 32 975.422 781.333
2 32 960.492 803.728
0 33 1421.33 444.912
1 33 1412.37 456.856
2 33 1406.4 465.814
0 34 1603.47 880.866
1 34 1597.5 904.753
2 34 1594.52 931.627
0 35 1221.77 875.889
1 35 1207.53 902.962
2 35 1194.39 928.641
0 36 931.627 922.669
1 36 910.725 952.529
2 36 889.823 982.389
0 37 815.174 531.505
1 37 791.883 548.227
2 37 764.412 570.323
0 38 1304.88 624.071
1 38 1295.92 639.001
2 38 1286.96 656.917
0 39 967.459 895.795
1 39 949.543 925.655
2 39 928.641 955.515
0 40 1245.16 182.145
1 40 1234.21 189.112
2 40 1227.24 191.103
0 41 1412.37 441.926
1 41 1403.41 453.87
2 41 1397.44 462.828
0 42 1266.06 770.384
1 42 1254.11 791.286
2 42 1245.16 812.188
0 43 967.459 895.795
1 43 949.543 924.461
2 43 928.044 953.126
0 44 1225.45 870.713
1 44 1211.12 895.795
2 44 1200.37 920.878
0 45 1221.27 877.88
1 45 1207.53 902.962
2 45 1196.78 928.044
0 46 1232.61 784.717
1 46 1221.86 806.216
2 46 1211.12 827.715
