35
0 0 1728 744
1 0 1774 759
2 0 1820 775
0 1 1458.72 669.6
1 1 1494 675.6
2 1 1529 682
0 2 1728 744
1 2 1776 759.6
2 2 1820.4 775.2
0 3 1766.4 657.6
1 3 1814.4 672
2 3 1862.4 686.4
0 4 1752 646.8
1 4 1800 660
2 4 1848 674.4
0 5 1089.6 672
1 5 1119.74 677.819
2 5 1147.68 678.24
0 6 1740 753.6
1 6 1787.04 768.96
2 6 1833.12 784.8
0 7 1729.44 745.92
1 7 1775.52 760.32
2 7 1821.6 776.16
0 8 1456.7 670.464
1 8 1492.99 675.648
2 8 1527.84 681.12
0 9 1762.56 679.68
1 9 1810.08 694.08
2 9 1857.6 708.48
0 10 1740.1 753.408
1 10 1787.44 769.306
2 10 1831.68 784.512
0 11 1729.44 745.92
1 11 1776.38 760.32
2 11 1821.31 775.872
0 12 1762.56 679.104
1 12 1810.08 694.08
2 12 1857.6 708.48
0 13 1456.7 670.464
1 13 1493.28 676.8
2 13 1527.55 682.56
0 14 1465.34 867.456
1 14 1499.9 877.824
2 14 1534.46 888.192
0 15 1092.79 671.846
1 15 1121.82 675.994
2 15 1149.12 679.104
0 16 1461.89 879.207
1 16 1497.14 889.575
2 16 1530.32 899.943
0 17 1739.34 753.961
1 17 1785.62 770.384
2 17 1830.99 783.821
0 18 1455.84 671.04
1 18 1492.99 675.648
2 18 1526.17 682.214
0 19 1752.19 644.89
1 19 1799.89 659.405
2 19 1847.58 673.92
0 20 1748.05 651.11
1 20 1797.81 663.552
2 20 1843.43 678.067
0 21 1092.79 671.846
1 21 1121.82 675.994
2 21 1150.85 680.141
0 22 1090.37 672.192
1 22 1119.74 676.823
2 22 1146.7 680.141
0 23 1513.73 875.059
1 23 1548.98 885.427
2 23 1584.23 895.795
0 24 1739.34 753.961
1 24 1786.61 768.891
2 24 1831.4 783.821
0 25 1515.39 669.358
1 25 1552.71 676.823
2 25 1590.04 681.8
0 26 1540.27 669.358
1 26 1580.08 674.335
2 26 1617.41 681.8
0 27 1092.37 671.847
1 27 1121.82 675.994
2 27 1149.6 679.312
0 28 429.982 229.324
1 28 462.23 229.324
2 28 492.688 229.921
0 29 1594.52 952.529
1 29 1633.33 964.473
2 29 1669.17 979.403
0 30 1092.37 671.847
1 30 1119.74 677.819
2 30 1149.6 680.805
0 31 1457.74 669.773
1 31 1492.99 676.823
2 31 1525.84 683.791
0 32 1537.78 668.861
1 32 1579.59 674.833
2 32 1615.42 683.791
0 33 1731.87 746.496
1 33 1776.66 764.412
2 33 1821.45 779.342
0 34 1092.87 670.055
1 34 1121.54 673.638
2 34 1150.2 677.221
