47
0 0 320 498
1 0 332 503
2 0 346 512
0 1 991.2 512.4
1 1 1007 519
2 1 1026 531
0 2 991.2 512.4
1 2 1007 519
2 2 1026 531.6
0 3 916.8 699.6
1 3 932.4 708
2 3 950.4 721.2
0 4 289.44 973.44
1 4 300.96 982.08
2 4 311.04 995.04
0 5 923.04 698.4
1 5 938.88 708.48
2 5 957.6 721.44
0 6 917.28 699.84
1 6 931.68 708.48
2 6 950.4 721.44
0 7 682.56 594.72
1 7 695.52 601.92
2 7 711.36 612
0 8 922.752 698.112
1 8 938.304 708.48
2 8 957.312 720.576
0 9 917.568 699.84
1 9 931.392 708.48
2 9 950.4 722.304
0 10 772.416 641.088
1 10 784.512 649.728
2 10 801.792 661.824
0 11 229.824 921.024
1 11 240.192 927.936
2 11 250.56 940.032
0 12 876.096 651.456
1 12 889.92 660.096
2 12 907.2 672.192
0 13 277.862 962.151
1 13 288.23 970.445
2 13 298.598 982.887
0 14 279.936 955.93
1 14 290.304 964.224
2 14 300.672 976.666
0 15 93.312 899.943
1 15 103.68 906.163
2 15 111.974 916.531
0 16 875.059 651.11
1 16 891.648 659.405
2 16 908.237 671.846
0 17 765.159 644.89
1 17 777.6 653.184
2 17 796.263 663.552
0 18 771.379 642.816
1 18 785.895 649.037
2 18 802.483 661.479
0 19 902.016 649.037
1 19 916.531 657.331
2 19 935.194 669.773
0 20 751.473 955.515
1 20 763.914 967.957
2 20 778.844 982.887
0 21 94.5562 898.284
1 21 104.509 905.749
2 21 114.463 915.702
0 22 923.167 696.73
1 22 938.097 706.683
2 22 955.515 719.125
0 23 671.847 905.749
1 23 686.776 915.702
2 23 701.706 930.632
0 24 878.377 651.94
1 24 890.819 659.405
2 24 910.725 671.847
0 25 908.237 701.706
1 25 923.167 711.66
2 25 940.585 724.101
0 26 235.893 949.543
1 26 247.837 958.501
2 26 256.795 970.445
0 27 280.683 964.473
1 27 292.627 973.431
2 27 301.584 985.375
0 28 748.885 953.126
1 28 763.218 963.876
2 28 776.356 982.389
0 29 319.5 483.73
1 29 331.444 486.716
2 29 346.374 495.673
0 30 650.945 609.141
1 30 662.889 615.113
2 30 680.805 627.057
0 31 241.865 952.529
1 31 253.809 961.487
2 31 262.767 973.431
0 32 677.819 594.211
1 32 689.763 600.183
2 32 707.678 612.127
0 33 226.935 937.599
1 33 235.893 946.557
2 33 244.851 958.501
0 34 98.5375 898.781
1 34 107.495 904.753
2 34 116.453 916.697
0 35 671.847 905.749
1 35 686.776 915.702
2 35 701.706 931.627
0 36 277.697 955.515
1 36 289.641 964.473
2 36 298.598 976.417
0 37 229.921 919.683
1 37 238.879 928.641
2 37 247.837 940.585
0 38 231.414 826.122
1 38 238.879 836.076
2 38 250.823 845.034
0 39 922.669 698.72
1 39 937.599 707.678
2 39 955.515 719.622
0 40 225.74 938.794
1 40 236.49 945.96
2 40 247.24 956.71
0 41 666.472 920.878
1 41 680.805 931.627
2 41 695.137 945.96
0 42 677.221 594.808
1 42 691.554 601.975
2 42 705.887 612.724
0 43 652.139 627.057
1 43 662.889 634.223
2 43 680.805 644.973
0 44 920.878 695.137
1 44 935.21 702.304
2 44 953.126 716.636
0 45 229.324 827.715
1 45 240.073 834.881
2 45 250.823 842.048
0 46 885.046 691.554
1 46 899.379 698.72
2 46 917.295 713.053
