29
0 0 1848 208.8
1 0 1833.6 205.2
2 0 1824 199.2
0 1 1426.8 654
1 1 1414.8 655.2
2 1 1402.8 657.6
0 2 1231.2 656.64
1 2 1218.24 659.52
2 2 1205.28 663.84
0 3 1277.34 680.141
1 3 1266.97 684.288
2 3 1254.53 689.472
0 4 1699.03 752.468
1 4 1685.84 750.643
2 4 1674.43 751.68
0 5 1410.05 724.032
1 5 1397.95 727.488
2 5 1385.86 730.944
0 6 1225.15 126.144
1 6 1213.06 124.416
2 6 1197.5 122.688
0 7 1558.66 482.112
1 7 1548.29 480.384
2 7 1537.92 478.656
0 8 1410.05 725.76
1 8 1397.61 727.834
2 8 1385.17 731.981
0 9 1225.5 126.49
1 9 1210.98 126.49
2 9 1196.47 124.416
0 10 798.751 278.692
1 10 778.844 281.18
2 10 753.961 286.157
0 11 1567.64 776.356
1 11 1555.7 779.342
2 11 1545.25 781.333
0 12 1410.88 724.101
1 12 1398.44 726.59
2 12 1385.99 731.566
0 13 1226.74 714.148
1 13 1214.3 716.636
2 13 1199.37 721.613
0 14 1602.48 206.531
1 14 1590.04 204.042
2 14 1582.57 199.066
0 15 1564.66 474.772
1 15 1552.71 474.772
2 15 1542.76 472.781
0 16 1621.39 107.495
1 16 1609.45 104.509
2 16 1597.5 98.5375
0 17 1564.66 474.772
1 17 1552.71 474.772
2 17 1543.75 471.786
0 18 1224.25 713.65
1 18 1212.31 716.636
2 18 1197.38 722.608
0 19 1224.25 128.397
1 19 1209.32 128.397
2 19 1194.39 125.411
0 20 1409.38 725.594
1 20 1397.44 728.58
2 20 1385.5 731.566
0 21 1782.63 770.384
1 21 1770.69 770.384
2 21 1761.73 770.384
0 22 1567.64 776.356
1 22 1555.7 779.342
2 22 1543.75 782.328
0 23 1565.85 472.98
1 23 1552.71 474.772
2 23 1544.35 469.397
0 24 1224.25 128.397
1 24 1209.32 128.397
2 24 1196.78 125.411
0 25 791.883 290.238
1 25 770.384 293.821
2 25 745.302 297.404
0 26 1411.77 723.803
1 26 1401.02 727.386
2 26 1386.69 730.969
0 27 1225.45 713.053
1 27 1211.12 716.636
2 27 1196.78 720.22
0 28 1699.03 752.468
1 28 1687.08 751.473
2 28 1676.93 752.468
