40
0 0 1382.4 391.68
1 0 1399.68 381.6
2 0 1411.2 384
0 1 1305.6 722.4
1 1 1324.8 717.6
2 1 1336.8 723.6
0 2 1378.08 388.8
1 2 1395.36 378.72
2 2 1407.6 380.4
0 3 1382.4 391.68
1 3 1399.68 381.6
2 3 1411.2 384.48
0 4 1378.94 389.837
1 4 1396.22 378.432
2 4 1408.32 381.6
0 5 1507.51 663.552
1 5 1530.32 655.258
2 5 1544.83 658.368
0 6 1472.26 103.68
1 6 1491.26 79.488
2 6 1505.09 69.12
0 7 1378.94 390.528
1 7 1396.22 378.432
2 7 1408.32 381.888
0 8 1471.68 105.12
1 8 1492.99 78.7968
2 8 1505.43 68.4288
0 9 1507.51 663.552
1 9 1530.32 654.428
2 9 1544.83 657.331
0 10 1320.19 708.48
1 10 1339.55 702.951
2 10 1351.99 709.171
0 11 1378.94 389.837
1 11 1395.53 379.469
2 11 1407.97 381.542
0 12 301.087 967.957
1 12 313.528 972.933
2 12 313.528 987.863
0 13 1316.32 704.195
1 13 1333.74 701.706
2 13 1346.18 706.683
0 14 1507.92 661.893
1 14 1530.32 654.428
2 14 1545.25 656.917
0 15 1378.53 390.666
1 15 1394.45 382.206
2 15 1408.39 383.201
0 16 1709.48 838.564
1 16 1739.34 833.587
2 16 1759.24 843.541
0 17 1176.98 251.32
1 17 1191.91 236.39
2 17 1199.37 231.414
0 18 664.382 109.486
1 18 666.87 102.021
2 18 666.87 104.509
0 19 653.931 110.481
1 19 656.917 101.523
2 19 656.917 104.509
0 20 1316.32 704.195
1 20 1334.74 698.72
2 20 1346.68 704.692
0 21 1379.53 394.15
1 21 1394.45 382.206
2 21 1406.4 385.192
0 22 831.298 537.477
1 22 842.048 533.894
2 22 845.034 540.463
0 23 1707.98 839.062
1 23 1739.34 833.587
2 23 1755.76 842.048
0 24 1175.28 250.823
1 24 1189.62 232.907
2 24 1200.37 229.921
0 25 1660.21 833.09
1 25 1687.08 830.104
2 25 1707.98 839.062
0 26 653.931 110.481
1 26 656.917 101.523
2 26 656.917 104.509
0 27 674.833 113.467
1 27 674.833 104.509
2 27 674.833 107.495
0 28 1307.86 716.636
1 28 1325.78 713.65
2 28 1337.72 719.622
0 29 1681.11 842.048
1 29 1710.97 839.062
2 29 1728.89 848.02
0 30 662.889 110.481
1 30 666.87 102.021
2 30 665.875 104.509
0 31 830.104 540.463
1 31 842.048 533.894
2 31 845.631 537.477
0 32 816.965 551.81
1 32 827.715 548.227
2 32 831.298 551.81
0 33 1379.53 394.15
1 33 1397.44 383.4
2 33 1408.19 383.4
0 34 1175.28 250.823
1 34 1189.62 232.907
2 34 1200.37 225.74
0 35 781.134 247.24
1 35 784.717 240.073
2 35 788.3 243.656
0 36 1508.52 659.305
1 36 1530.02 652.139
2 36 1544.35 655.722
0 37 1304.28 702.304
1 37 1322.19 698.72
2 37 1336.53 705.887
0 38 1660.21 833.09
1 38 1687.68 827.715
2 38 1705.59 838.465
0 39 770.384 132.578
1 39 773.967 125.411
2 39 773.967 125.411
