48
0 0 1154.88 747.36
1 0 1173.6 760.32
2 0 1192.32 771.84
0 1 266.4 944.64
1 1 280.8 954.72
2 1 290.88 963.36
0 2 901.44 688.32
1 2 917.28 699.84
2 2 931.68 708.48
0 3 907.2 686.88
1 3 923.04 698.4
2 3 938.88 708.48
0 4 756.864 630.72
1 4 772.416 641.088
2 4 784.512 649.728
0 5 749.952 634.176
1 5 763.776 646.272
2 5 777.6 653.184
0 6 214.272 922.752
1 6 228.096 933.12
2 6 238.464 940.032
0 7 907.2 686.016
1 7 922.752 698.112
2 7 938.304 708.48
0 8 869.184 680.832
1 8 884.736 692.928
2 8 898.56 701.568
0 9 750.643 634.522
1 9 765.159 644.89
2 9 777.6 653.184
0 10 860.544 640.742
1 10 875.059 651.11
2 10 891.648 659.405
0 11 906.163 686.362
1 11 922.752 698.803
2 11 937.267 707.098
0 12 265.421 945.562
1 12 279.936 955.93
2 12 290.304 964.224
0 13 659.405 582.267
1 13 674.335 592.22
2 13 686.776 599.685
0 14 736.543 945.562
1 14 751.473 955.515
2 14 763.914 967.957
0 15 263.762 945.562
1 15 278.692 955.515
2 15 288.645 962.98
0 16 639.498 592.22
1 16 654.428 602.174
2 16 666.87 609.639
0 17 651.94 905.749
1 17 666.87 918.19
2 17 681.8 928.144
0 18 213.996 910.725
1 18 228.925 920.679
2 18 238.879 928.144
0 19 79.6263 890.819
1 19 94.5562 898.284
2 19 104.509 905.749
0 20 751.473 632.033
1 20 766.403 644.475
2 20 778.844 651.94
0 21 905.749 684.288
1 21 923.167 696.73
2 21 938.097 706.683
0 22 1152.09 746.496
1 22 1172 758.938
2 22 1191.91 771.379
0 23 863.447 639.498
1 23 878.377 651.94
2 23 890.819 659.405
0 24 890.819 691.753
1 24 908.237 701.706
2 24 923.167 711.66
0 25 862.95 639.001
1 25 877.88 650.945
2 25 892.809 659.903
0 26 636.015 597.197
1 26 650.945 609.141
2 26 662.889 615.113
0 27 752.468 633.029
1 27 764.412 644.973
2 27 779.342 650.945
0 28 737.538 946.557
1 28 748.885 953.126
2 28 764.412 967.459
0 29 304.57 471.786
1 29 319.5 483.73
2 29 331.444 486.716
0 30 226.935 943.571
1 30 241.865 952.529
2 30 253.809 961.487
0 31 636.015 809.202
1 31 650.945 821.146
2 31 662.889 830.104
0 32 662.889 585.253
1 32 677.819 594.211
2 32 689.763 600.183
0 33 212.005 928.641
1 33 226.935 937.599
2 33 235.893 946.557
0 34 214.991 818.16
1 34 231.414 826.122
2 34 238.879 836.076
0 35 904.753 686.776
1 35 922.669 698.72
2 35 937.599 707.678
0 36 274.711 961.487
1 36 289.641 970.445
2 36 298.598 979.403
0 37 737.538 946.557
1 37 748.885 953.126
2 37 763.218 963.876
0 38 229.324 938.794
1 38 243.656 949.543
2 38 254.406 956.71
0 39 211.408 928.044
1 39 225.74 938.794
2 39 236.49 945.96
0 40 1146.62 763.218
1 40 1164.53 777.55
2 40 1186.03 788.3
0 41 659.305 573.309
1 41 673.638 584.059
2 41 687.971 591.225
0 42 318.903 655.722
1 42 333.236 662.889
2 42 343.985 670.055
0 43 662.889 584.059
1 43 677.221 594.808
2 43 691.554 601.975
0 44 870.713 680.805
1 44 885.046 691.554
2 44 899.379 698.72
0 45 752.468 630.64
1 45 766.801 641.39
2 45 781.134 648.556
0 46 214.991 816.965
1 46 229.324 827.715
2 46 240.073 834.881
0 47 906.545 684.388
1 47 920.878 695.137
2 47 935.21 702.304
