31
0 0 1776 760
1 0 1820 775
2 0 1880 792
0 1 1119.74 677.819
1 1 1147.68 678.24
2 1 1184 684
0 2 1121.47 675.648
1 2 1149.12 679.104
2 2 1185.6 684
0 3 1493.28 676.8
1 3 1527.55 682.56
2 3 1574.4 688.8
0 4 1776 759.6
1 4 1820.4 775.2
2 4 1880.4 792
0 5 1492.99 675.648
1 5 1527.55 682.56
2 5 1571.04 689.76
0 6 1121.82 675.994
1 6 1150.85 680.141
2 6 1187.14 682.56
0 7 1493.28 676.8
1 7 1527.55 682.56
2 7 1572.48 689.472
0 8 1499.9 877.824
1 8 1534.46 888.192
2 8 1579.39 898.56
0 9 1119.74 676.823
1 9 1146.7 680.141
2 9 1184.03 684.288
0 10 464.486 232.243
1 10 493.517 230.17
2 10 532.915 228.096
0 11 590.976 485.222
1 11 617.933 485.222
2 11 655.258 485.222
0 12 1497.14 889.575
1 12 1530.32 899.943
2 12 1575.94 910.311
0 13 1493.28 676.8
1 13 1527.55 682.56
2 13 1571.79 690.509
0 14 1121.82 675.994
1 14 1149.12 679.104
2 14 1188.17 682.214
0 15 1548.98 885.427
1 15 1584.23 895.795
2 15 1629.85 908.237
0 16 1314.66 773.453
1 16 1345.77 779.674
2 16 1387.24 787.968
0 17 465.316 231.414
1 17 492.687 228.925
2 17 532.501 228.925
0 18 1121.82 675.994
1 18 1149.6 679.312
2 18 1189.42 681.8
0 19 1492.99 676.823
1 19 1526.17 682.214
2 19 1572.62 689.265
0 20 1385.99 773.868
1 20 1418.34 781.333
2 20 1460.64 788.798
0 21 1323.79 811.193
1 21 1353.65 818.657
2 21 1395.95 826.122
0 22 462.23 229.324
1 22 492.688 229.921
2 22 531.505 226.935
0 23 1119.74 676.823
1 23 1149.6 679.312
2 23 1188.42 683.791
0 24 1552.71 676.823
1 24 1590.04 681.8
2 24 1636.32 689.763
0 25 1492.99 676.823
1 25 1525.84 683.791
2 25 1570.63 689.763
0 26 462.23 229.324
1 26 492.688 229.921
2 26 530.311 225.74
0 27 1119.74 676.823
1 27 1150.2 677.221
2 27 1189.62 680.805
0 28 1490.6 673.638
1 28 1525.84 683.791
2 28 1569.43 687.971
0 29 1552.71 674.833
1 29 1587.35 680.805
2 29 1637.51 687.971
0 30 1579.59 674.833
1 30 1616.02 680.805
2 30 1666.18 687.971
