28
0 0 1337.76 619.2
1 0 1332 619.2
2 0 1329.12 620.64
0 1 1479.17 471.744
1 1 1475.71 464.832
2 1 1473.98 461.376
0 2 1329.18 617.933
1 2 1322.96 617.933
2 2 1320.88 617.933
0 3 1335.4 630.375
1 3 1329.18 630.375
2 3 1327.1 632.448
0 4 1483.04 467.804
1 4 1478.06 462.828
2 4 1476.4 458.266
0 5 1119.74 109.901
1 5 1105.23 101.606
2 5 1096.93 93.312
0 6 1762.56 165.888
1 6 1762.56 151.373
2 6 1762.56 138.931
0 7 1389.31 593.05
1 7 1383.09 590.976
2 7 1383.09 590.976
0 8 1026.43 495.936
1 8 1012.61 497.664
2 8 1001.55 497.664
0 9 1323.79 746.496
1 9 1318.81 751.473
2 9 1316.32 756.449
0 10 1119.74 109.486
1 10 1107.3 102.021
2 10 1097.35 92.0679
0 11 1139.65 679.312
1 11 1129.7 681.8
2 11 1122.23 684.288
0 12 1483.04 467.804
1 12 1478.06 462.828
2 12 1478.06 457.851
0 13 1811.5 189.112
1 13 1811.5 174.182
2 13 1813.99 161.741
0 14 1767.7 167.215
1 14 1767.7 152.285
2 14 1767.7 140.341
0 15 1125.72 749.482
1 15 1116.76 755.454
2 15 1110.79 761.426
0 16 1322.79 749.482
1 16 1316.82 752.468
2 16 1313.83 758.44
0 17 1382.51 588.239
1 17 1376.54 585.253
2 17 1373.55 585.253
0 18 1788.6 185.131
1 18 1788.6 170.201
2 18 1791.59 158.257
0 19 1116.76 113.467
1 19 1104.81 104.509
2 19 1095.86 95.5515
0 20 1487.02 797.258
1 20 1487.02 803.23
2 20 1487.02 809.202
0 21 1322.19 745.302
1 21 1318.61 752.468
2 21 1315.03 756.051
0 22 1802.34 182.742
1 22 1802.34 164.826
2 22 1805.92 154.077
0 23 1766.51 182.742
1 23 1766.51 168.41
2 23 1766.51 157.66
0 24 1791.59 182.742
1 24 1791.59 168.41
2 24 1791.59 157.66
0 25 1487.02 795.466
1 25 1487.02 799.05
2 25 1487.02 806.216
0 26 1487.02 462.23
1 26 1480.55 457.851
2 26 1479.85 451.481
0 27 1626.76 759.635
1 27 1626.76 759.635
2 27 1630.35 763.218
