57
0 0 394.8 538.8
1 0 426 547.2
2 0 466.8 552
0 1 63.6 607.2
1 1 96 612
2 1 136.8 613.2
0 2 851.04 712.8
1 2 885.6 730.08
2 2 928.8 743.04
0 3 960.48 725.76
1 3 997.92 745.92
2 3 1042.56 761.76
0 4 1006.56 779.04
1 4 1042.56 799.2
2 4 1090.08 816.48
0 5 286.56 1003.68
1 5 312.48 1015.2
2 5 349.92 1020.96
0 6 292.32 889.92
1 6 319.68 900
2 6 358.56 904.32
0 7 755.136 660.096
1 7 789.696 675.648
2 7 831.168 686.016
0 8 850.176 713.664
1 8 884.736 729.216
2 8 927.936 743.04
0 9 762.048 722.304
1 9 794.88 739.584
2 9 836.352 749.952
0 10 960.768 725.76
1 10 998.784 746.496
2 10 1043.71 762.048
0 11 63.936 608.256
1 11 96.48 612
2 11 138.24 613.44
0 12 482.112 590.976
1 12 514.944 601.344
2 12 554.688 606.528
0 13 1012.61 777.6
1 13 1050.62 800.064
2 13 1097.28 817.344
0 14 366.336 546.048
1 14 397.44 554.688
2 14 437.184 558.144
0 15 388.8 537.408
1 15 421.632 546.048
2 15 461.376 551.232
0 16 292.32 889.92
1 16 319.68 900
2 16 357.696 903.744
0 17 286.157 995.328
1 17 311.04 1007.77
2 17 348.365 1013.99
0 18 843.955 715.392
1 18 877.133 734.055
2 18 920.679 746.496
0 19 758.938 661.479
1 19 790.042 675.994
2 19 831.514 686.362
0 20 754.791 659.405
1 20 785.895 673.92
2 20 827.367 684.288
0 21 63.936 608.256
1 21 97.4592 613.786
2 21 136.858 613.786
0 22 962.151 725.76
1 22 999.475 746.496
2 22 1045.09 761.011
0 23 972.519 771.379
1 23 1009.84 792.115
2 23 1055.46 808.704
0 24 1011.92 777.6
1 24 1051.32 798.336
2 24 1096.93 816.999
0 25 364.954 545.357
1 25 398.131 553.651
2 25 437.53 557.798
0 26 839.808 675.994
1 26 879.207 692.583
2 26 920.679 705.024
0 27 746.496 653.184
1 27 779.674 667.699
2 27 821.146 678.067
0 28 289.641 892.809
1 28 319.68 898.56
2 28 358.733 904.09
0 29 466.56 561.946
1 29 497.664 570.24
2 29 537.062 576.461
0 30 1012.75 776.356
1 30 1050.07 798.751
2 30 1097.35 816.169
0 31 972.933 771.379
1 31 1010.26 791.286
2 31 1055.05 808.704
0 32 291.134 890.819
1 32 318.505 900.772
2 32 355.83 903.26
0 33 383.201 547.431
1 33 415.55 554.896
2 33 455.363 559.872
0 34 761.426 721.613
1 34 793.774 736.543
2 34 836.076 748.984
0 35 482.734 589.732
1 35 515.082 599.685
2 35 554.896 607.15
0 36 746.496 651.94
1 36 781.333 666.87
2 36 821.146 676.823
0 37 853.494 694.241
1 37 888.33 711.66
2 37 930.632 724.101
0 38 749.482 653.931
1 38 785.314 668.861
2 38 824.132 677.819
0 39 746.496 659.405
1 39 779.342 674.833
2 39 821.146 686.776
0 40 755.454 659.903
1 40 788.3 674.833
2 40 830.104 686.776
0 41 152.285 967.459
1 41 179.159 976.417
2 41 217.977 979.403
0 42 964.473 725.594
1 42 1000.3 746.496
2 42 1045.09 761.426
0 43 728.58 674.833
1 43 761.426 689.763
2 43 803.23 701.706
0 44 1009.26 776.356
1 44 1048.08 797.258
2 44 1095.86 815.174
0 45 970.445 770.384
1 45 1009.26 791.286
2 45 1057.04 809.202
0 46 390.567 537.477
1 46 422.815 548.227
2 46 462.23 551.81
0 47 842.048 677.221
1 47 877.88 691.554
2 47 920.878 705.887
0 48 290.238 892.212
1 48 318.505 900.772
2 48 354.735 906.545
0 49 734.552 713.053
1 49 766.801 727.386
2 49 806.216 738.135
0 50 752.468 659.305
1 50 788.3 673.638
2 50 831.298 684.388
0 51 1010.46 773.967
1 51 1049.87 795.466
2 51 1096.45 813.382
0 52 971.042 770.384
1 52 1010.46 791.883
2 52 1057.04 806.216
0 53 752.468 652.139
1 53 784.717 666.472
2 53 827.715 677.221
0 54 963.876 723.803
1 54 1003.29 741.719
2 54 1046.29 759.635
0 55 996.125 781.134
1 55 1031.96 802.633
2 55 1078.54 820.549
0 56 978.209 759.635
1 56 1014.04 781.134
2 56 1060.62 795.466
