63
0 0 863 686
1 0 870 685
2 0 882 685
0 1 572 714
1 1 579 712
2 1 590 709
0 2 790.8 979.2
1 2 796.8 976.8
2 2 807.6 973.2
0 3 716.4 904.8
1 3 721.2 903.6
2 3 732 900
0 4 795.6 1002
1 4 801.6 999.6
2 4 812.4 997.2
0 5 715.68 905.76
1 5 720 904.32
2 5 731.52 900
0 6 714.24 897.12
1 6 720 894.24
2 6 730.08 891.36
0 7 790.56 979.2
1 7 797.76 976.32
2 7 807.84 973.44
0 8 865.44 770.4
1 8 872.64 770.4
2 8 884.16 768.96
0 9 776.16 704.16
1 9 782.784 705.024
2 9 793.44 704.16
0 10 864 709.92
1 10 869.76 707.04
2 10 881.28 707.04
0 11 581.76 846.72
1 11 587.52 845.28
2 11 599.04 840.96
0 12 790.56 973.44
1 12 797.76 972
2 12 807.84 969.12
0 13 568.8 832.32
1 13 574.56 830.88
2 13 584.64 826.56
0 14 775.526 705.024
1 14 781.747 705.024
2 14 793.152 703.296
0 15 864 687.744
1 15 870.912 687.744
2 15 883.008 686.016
0 16 596.16 860.544
1 16 601.344 858.816
2 16 611.712 855.36
0 17 571.968 713.664
1 17 578.88 711.936
2 17 590.976 708.48
0 18 713.664 896.832
1 18 720.576 895.104
2 18 730.944 891.648
0 19 865.728 770.688
1 19 872.986 771.379
2 19 884.736 768.96
0 20 715.392 900.288
1 20 722.304 898.56
2 20 732.672 895.104
0 21 771.84 640.8
1 21 777.6 639.36
2 21 789.696 639.36
0 22 654.912 929.664
1 22 661.824 927.936
2 22 672.192 924.48
0 23 796.608 1016.06
1 23 803.52 1014.34
2 23 813.888 1010.88
0 24 222.912 806.976
1 24 231.552 801.792
2 24 241.92 800.064
0 25 578.534 794.189
1 25 584.755 792.115
2 25 595.123 790.042
0 26 572.314 713.318
1 26 578.534 715.392
2 26 590.976 709.171
0 27 709.171 984.96
1 27 715.392 982.887
2 27 725.76 980.813
0 28 547.43 721.613
1 28 553.651 719.539
2 28 564.019 717.466
0 29 865.936 773.37
1 29 873.401 771.379
2 29 885.427 771.379
0 30 875.059 777.6
1 30 782.4 704.4
2 30 893.722 775.526
0 31 790.042 1003.62
1 31 796.263 1001.55
2 31 806.63 997.402
0 32 580.608 848.103
1 32 586.829 846.029
2 32 597.197 841.882
0 33 792.115 997.402
1 33 798.336 995.328
2 33 808.704 993.255
0 34 707.098 908.237
1 34 713.318 906.163
2 34 723.687 902.016
0 35 553.651 819.072
1 35 559.872 816.999
2 35 570.24 812.851
0 36 875.889 776.356
1 36 881.28 777.6
2 36 893.307 776.356
0 37 865.936 773.37
1 37 873.401 771.379
2 37 885.842 771.379
0 38 572.314 716.636
1 38 579.779 711.66
2 38 589.732 711.66
0 39 775.526 705.024
1 39 781.747 705.024
2 39 793.774 704.195
0 40 770.384 704.692
1 40 776.356 701.706
2 40 788.798 701.706
0 41 547.431 721.613
1 41 552.407 719.125
2 41 564.849 716.636
0 42 791.286 997.817
1 42 798.751 995.328
2 42 808.704 992.84
0 43 771.379 637.01
1 43 777.6 638.669
2 43 788.798 637.01
0 44 706.683 908.237
1 44 714.148 905.749
2 44 724.101 900.772
0 45 223.949 806.216
1 45 231.552 801.792
2 45 243.855 796.263
0 46 770.384 704.692
1 46 776.356 701.706
2 46 788.3 701.706
0 47 865.936 773.37
1 47 873.401 771.379
2 47 883.852 770.384
0 48 775.526 705.024
1 48 880.866 776.356
2 48 892.809 776.356
0 49 686.776 967.459
1 49 695.734 964.473
2 49 704.692 961.487
0 50 668.861 922.669
1 50 674.833 919.683
2 50 686.776 916.697
0 51 537.477 806.216
1 51 543.449 803.23
2 51 552.407 800.244
0 52 549.421 818.16
1 52 555.393 815.174
2 52 567.337 812.188
0 53 770.384 636.015
1 53 776.356 636.015
2 53 788.3 636.015
0 54 671.847 946.557
1 54 677.819 943.571
2 54 686.776 940.585
0 55 546.435 722.608
1 55 552.407 719.622
2 55 564.351 716.636
0 56 573.309 713.65
1 56 579.281 713.65
2 56 591.225 707.678
0 57 692.748 683.791
1 57 698.72 680.805
2 57 710.664 677.819
0 58 601.975 877.88
1 58 609.141 874.296
2 58 619.89 870.713
0 59 548.227 816.965
1 59 555.393 813.382
2 59 566.143 809.799
0 60 867.13 773.967
1 60 874.296 773.967
2 60 885.046 770.384
0 61 573.309 713.053
1 61 580.475 709.47
2 61 591.225 705.887
0 62 691.554 680.805
1 62 698.72 680.805
2 62 709.47 677.221
