16
0 0 286.157 744.008
1 0 298.598 806.216
2 0 315.187 854.323
0 1 1113.52 277.862
1 1 1142.55 331.776
2 1 1177.8 373.248
0 2 574.802 641.987
1 2 592.22 699.218
2 2 614.615 744.008
0 3 286.655 743.51
1 3 298.598 806.216
2 3 313.528 853.494
0 4 1033.15 534.491
1 4 1060.02 591.225
2 4 1089.88 634.522
0 5 585.253 630.043
1 5 603.169 689.763
2 5 624.071 731.566
0 6 1033.15 534.491
1 6 1060.02 591.225
2 6 1089.88 636.015
0 7 286.655 741.719
1 7 298.598 806.216
2 7 313.528 853.992
0 8 651.94 355.83
1 8 674.335 410.573
2 8 698.72 450.884
0 9 1301.89 352.346
1 9 1337.72 409.08
2 9 1379.53 453.87
0 10 1113.77 277.697
1 10 1143.63 331.444
2 10 1176.48 373.248
0 11 1119.74 262.767
1 11 1150.2 315.32
2 11 1186.03 358.318
0 12 286.655 741.719
1 12 298.598 806.216
2 12 315.32 852.797
0 13 584.059 627.057
1 13 601.975 687.971
2 13 623.474 730.969
0 14 480.146 558.976
1 14 498.062 616.307
2 14 519.561 655.722
0 15 1304.28 351.152
1 15 1340.11 408.483
2 15 1379.53 455.064
