36
0 0 1470.24 53.28
1 0 1441.44 48.96
2 0 1404 56.16
0 1 853.632 667.008
1 1 848.448 667.008
2 1 825.984 668.736
0 2 938.304 748.224
1 2 938.304 743.04
2 2 919.296 743.04
0 3 1426.64 620.006
1 3 1412.12 609.638
2 3 1381.02 607.565
0 4 1184.03 783.821
1 4 1179.88 775.526
2 4 1157.07 773.453
0 5 1370.65 960.077
1 5 1368.58 943.488
2 5 1343.69 937.267
0 6 1354.06 949.709
1 6 1349.91 933.12
2 6 1327.1 926.899
0 7 1776.66 438.94
1 7 1745.97 425.088
2 7 1702.43 425.088
0 8 1059.61 143.078
1 8 1043.02 147.226
2 8 1016.06 153.446
0 9 1059.61 149.299
1 9 1045.09 151.373
2 9 1018.14 157.594
0 10 843.541 858.471
1 10 852.25 858.471
2 10 841.052 863.447
0 11 1371.06 960.492
1 11 1366.09 943.073
2 11 1343.69 938.097
0 12 1761.73 714.148
1 12 1737.84 695.734
2 12 1702.01 689.265
0 13 1532.81 111.974
1 13 1505.43 106.998
2 13 1465.62 111.974
0 14 1776.66 438.94
1 14 1745.97 425.088
2 14 1704.5 423.014
0 15 937.267 748.57
1 15 938.097 744.008
2 15 918.19 744.008
0 16 430.479 308.552
1 16 435.456 320.993
2 16 423.014 325.97
0 17 1352.65 952.529
1 17 1349.67 934.613
2 17 1325.78 928.641
0 18 1367.58 961.487
1 18 1364.6 943.571
2 18 1340.71 937.599
0 19 1531.81 113.467
1 19 1501.95 107.495
2 19 1463.13 113.467
0 20 1197.38 788.3
1 20 1191.41 776.356
2 20 1170.51 776.356
0 21 1057.04 149.299
1 21 1042.11 152.285
2 21 1015.23 158.257
0 22 1534.8 98.5375
1 22 1504.94 92.5655
2 22 1466.12 98.5375
0 23 1669.76 523.145
1 23 1642.29 513.589
2 23 1606.46 510.603
0 24 1758.74 716.636
1 24 1737.84 695.734
2 24 1699.03 692.748
0 25 1776.66 437.944
1 25 1749.29 423.014
2 25 1705 421.024
0 26 1776.66 437.944
1 26 1749.29 423.014
2 26 1705.59 419.232
0 27 1759.34 713.053
1 27 1737.84 691.554
2 27 1698.43 687.971
0 28 1365.19 960.293
1 28 1361.61 942.377
2 28 1340.11 938.794
0 29 935.21 752.468
1 29 935.21 745.302
2 29 917.295 745.302
0 30 843.541 858.471
1 30 856.38 863.547
2 30 842.048 867.13
0 31 1053.46 150.494
1 31 1035.54 150.494
2 31 1010.46 157.66
0 32 1605.27 652.139
1 32 1587.35 637.806
2 32 1555.1 634.223
0 33 1354.44 949.543
1 33 1350.86 935.21
2 33 1325.78 928.044
0 34 942.377 666.472
1 34 942.377 666.472
2 34 924.461 670.055
0 35 1006.87 924.461
1 35 1010.46 917.295
2 35 988.958 913.711
