36
0 0 1169.28 734.4
1 0 1147.68 740.16
2 0 1130.4 747.36
0 1 1373.76 662.4
1 1 1355.04 663.84
2 1 1340.64 666.72
0 2 1419.84 587.52
1 2 1401.12 587.52
2 2 1386.72 587.52
0 3 1173.6 671.04
1 3 1153.44 675.36
2 3 1136.16 679.68
0 4 1420.42 585.792
1 4 1401.41 585.792
2 4 1387.58 585.792
0 5 1162.94 729.216
1 5 1140.48 734.4
2 5 1123.2 741.312
0 6 1162.94 119.232
1 6 1140.48 114.048
2 6 1119.74 110.592
0 7 1073.09 489.024
1 7 1049.24 493.517
2 7 1026.43 495.936
0 8 1492.99 82.944
1 8 1474.33 76.7232
2 8 1457.74 68.4288
0 9 1797.81 201.139
1 9 1779.15 194.918
2 9 1766.71 184.55
0 10 1651.85 756.051
1 10 1634 756.864
2 10 1623.63 758.938
0 11 1163.29 120.269
1 11 1140.48 116.122
2 11 1119.74 109.901
0 12 1793.66 184.55
1 12 1775 176.256
2 12 1762.56 165.888
0 13 1621.56 466.56
1 13 1604.97 462.413
2 13 1592.53 458.266
0 14 1512.9 472.781
1 14 1495.48 470.293
2 14 1483.04 467.804
0 15 1167.02 734.055
1 15 1144.63 741.52
2 15 1127.21 746.496
0 16 1356.13 738.202
1 16 1337.47 742.349
2 16 1323.79 746.496
0 17 1651.85 756.051
1 17 1633.33 758.44
2 17 1624.87 758.938
0 18 1818.46 203.047
1 18 1803.53 194.089
2 18 1788.6 185.131
0 19 1812.49 194.089
1 19 1794.58 188.117
2 19 1782.63 179.159
0 20 1230.23 176.173
1 20 1209.32 173.187
2 20 1188.42 167.215
0 21 1356.13 739.031
1 21 1336.23 746.496
2 21 1322.79 749.482
0 22 1651.85 756.051
1 22 1633.33 758.44
2 22 1624.38 761.426
0 23 1513.89 471.786
1 23 1498.96 468.8
2 23 1484.03 465.814
0 24 1516.88 788.3
1 24 1498.96 791.286
2 24 1487.02 797.258
0 25 1415.36 588.239
1 25 1397.44 588.239
2 25 1382.51 588.239
0 26 1798.76 186.325
1 26 1780.84 179.159
2 26 1766.51 168.41
0 27 1164.53 673.638
1 27 1143.04 677.221
2 27 1125.12 680.805
0 28 695.137 293.821
1 28 659.305 297.404
2 28 627.057 300.987
0 29 1555.1 189.909
1 29 1537.19 182.742
2 29 1522.85 175.576
0 30 1798.76 200.658
1 30 1780.84 193.492
2 30 1766.51 182.742
0 31 1515.69 469.397
1 31 1498.96 468.8
2 31 1487.02 462.23
0 32 1651.25 755.454
1 32 1634.83 756.449
2 32 1626.76 759.635
0 33 1516.88 788.3
1 33 1498.96 791.286
2 33 1487.02 795.466
0 34 1415.36 584.059
1 34 1397.44 584.059
2 34 1383.11 584.059
0 35 1358.03 738.135
1 35 1336.53 741.719
2 35 1322.19 745.302
