38
0 0 1251 636
1 0 1241 651
2 0 1230 672
0 1 1758 84
1 1 1758 85.2
2 1 1758 96
0 2 1459.2 62.4
1 2 1455.6 63.6
2 2 1453.2 72
0 3 1254 786
1 3 1243.2 806.4
2 3 1230 832.8
0 4 1784.16 92.16
1 4 1784.16 93.6
2 4 1785.6 105.12
0 5 1214.78 813.888
1 5 1202.4 836.64
2 5 1188 865.44
0 6 1798.56 83.52
1 6 1797.12 83.52
2 6 1798.56 95.04
0 7 1821.6 84.96
1 7 1823.04 86.4
2 7 1823.04 97.92
0 8 1051.2 715.68
1 8 1040.4 733.2
2 8 1023.84 756
0 9 1234.08 780.48
1 9 1222.56 800.64
2 9 1209.6 826.56
0 10 943.488 743.04
1 10 926.208 762.048
2 10 907.2 786.24
0 11 1214.78 813.888
1 11 1202.4 836.64
2 11 1188.86 864
0 12 1410.05 461.376
1 12 1404.86 470.016
2 12 1397.95 487.296
0 13 952.128 924.48
1 13 931.392 953.856
2 13 907.2 988.416
0 14 1055.81 340.416
1 14 1045.44 347.328
2 14 1035.07 357.696
0 15 943.2 678.24
1 15 927.936 694.656
2 15 910.656 715.392
0 16 1540.8 437.76
1 16 1536.19 445.824
2 16 1532.74 461.376
0 17 1757.38 77.76
1 17 1757.38 79.488
2 17 1757.38 89.856
0 18 1418.34 458.266
1 18 1411.78 466.56
2 18 1405.9 483.149
0 19 943.488 742.349
1 19 926.899 761.011
2 19 908.237 785.895
0 20 1229.65 696.73
1 20 1217.2 717.466
2 20 1204.76 740.275
0 21 791.286 549.919
1 21 763.776 570.24
2 21 736.128 590.976
0 22 1540.69 435.456
1 22 1536.54 445.824
2 22 1535.29 460.339
0 23 945.562 741.52
1 23 928.144 761.426
2 23 908.237 783.821
0 24 955.515 744.008
1 24 940.585 761.426
2 24 920.679 786.309
0 25 1405.9 455.363
1 25 1400.92 465.316
2 25 1393.46 480.246
0 26 943.571 740.524
1 26 928.641 761.426
2 26 907.739 782.328
0 27 791.883 548.227
1 27 763.914 569.825
2 27 737.538 591.225
0 28 1403.41 453.87
1 28 1397.44 462.828
2 28 1391.47 477.758
0 29 1295.92 639.001
1 29 1286.96 656.917
2 29 1278 677.819
0 30 1232.61 186.325
1 30 1227.24 191.103
2 30 1221.27 200.061
0 31 1597.5 904.753
1 31 1594.52 931.627
2 31 1587.35 963.876
0 32 955.515 743.51
1 32 938.794 763.218
2 32 920.878 784.717
0 33 945.96 738.135
1 33 928.044 756.051
2 33 910.128 781.134
0 34 791.286 549.421
1 34 766.801 566.143
2 34 738.135 591.225
0 35 1232.61 186.325
1 35 1229.03 189.909
2 35 1221.86 197.075
0 36 1411.77 455.064
1 36 1408.19 462.23
2 36 1401.02 480.146
0 37 1325.78 670.055
1 37 1318.61 684.388
2 37 1307.86 705.887
