72
0 0 872 690
1 0 875 690
2 0 882 689
0 1 788 980
1 1 791 979
2 1 797 976
0 2 789 977
1 2 792 975
2 2 798 973
0 3 862.8 770.4
1 3 865.2 769.2
2 3 872.4 770.4
0 4 872.4 690
1 4 874.8 688.8
2 4 882 688.8
0 5 773.28 705.6
1 5 776.16 704.16
2 5 782.4 704.4
0 6 788.4 980.4
1 6 790.8 979.2
2 6 796.8 976.8
0 7 793.2 1004.4
1 7 795.6 1002
2 7 801.6 999.6
0 8 872.4 716.4
1 8 876 716.4
2 8 882 715.2
0 9 708.48 986.4
1 9 711.36 984.96
2 9 717.12 982.08
0 10 578.88 849.6
1 10 581.76 846.72
2 10 587.52 845.28
0 11 588.96 861.12
1 11 590.4 859.68
2 11 597.6 856.8
0 12 862.56 770.4
1 12 865.728 770.688
2 12 872.64 770.4
0 13 772.8 704.4
1 13 776.16 704.16
2 13 781.92 704.16
0 14 789.12 997.92
1 14 792 996.48
2 14 797.76 993.6
0 15 789.12 980.64
1 15 790.56 979.2
2 15 797.76 976.32
0 16 704.16 910.08
1 16 707.04 907.2
2 16 712.8 905.76
0 17 792 1002.24
1 17 794.88 1000.8
2 17 800.64 999.36
0 18 565.92 835.2
1 18 568.8 832.32
2 18 574.56 830.88
0 19 588.96 911.52
1 19 591.84 910.08
2 19 597.6 907.2
0 20 665.28 924.48
1 20 667.008 922.752
2 20 673.92 921.024
0 21 711.936 898.56
1 21 713.664 896.832
2 21 720.576 895.104
0 22 863.447 771.379
1 22 865.936 771.379
2 22 775.872 699.84
0 23 773.28 705.6
1 23 776.16 704.16
2 23 782.784 705.024
0 24 870.912 687.744
1 24 874.368 687.744
2 24 881.28 687.744
0 25 862.272 684.288
1 25 864 682.56
2 25 870.912 682.56
0 26 546.048 722.304
1 26 549.504 720.576
2 26 554.688 718.848
0 27 862.272 770.688
1 27 865.728 770.688
2 27 872.64 770.688
0 28 872.986 777.6
1 28 875.059 777.6
2 28 881.28 775.872
0 29 789.696 998.784
1 29 791.424 997.056
2 29 798.336 993.6
0 30 539.136 806.976
1 30 540.864 805.248
2 30 547.776 803.52
0 31 219.802 806.63
1 31 222.912 806.976
2 31 231.552 801.792
0 32 725.76 1007.77
1 32 727.834 1005.7
2 32 734.055 1003.62
0 33 872.986 777.6
1 33 875.889 776.356
2 33 881.28 777.6
0 34 862.618 771.379
1 34 865.936 771.379
2 34 872.986 771.379
0 35 545.357 723.687
1 35 547.43 721.613
2 35 553.651 719.539
0 36 707.098 987.034
1 36 709.171 984.96
2 36 715.392 982.887
0 37 570.24 715.392
1 37 572.314 713.318
2 37 578.534 715.392
0 38 588.902 711.245
1 38 590.976 709.171
2 38 597.197 707.098
0 39 772.416 706.752
1 39 775.526 705.024
2 39 781.747 705.024
0 40 863.447 771.379
1 40 768.891 701.706
2 40 775.526 700.877
0 41 690.509 682.214
1 41 692.583 682.214
2 41 698.803 680.141
0 42 578.534 850.176
1 42 580.608 848.103
2 42 586.829 846.029
0 43 787.968 1005.7
1 43 790.042 1003.62
2 43 796.263 1001.55
0 44 790.042 999.475
1 44 792.115 997.402
2 44 798.336 995.328
0 45 605.491 881.28
1 45 607.565 879.207
2 45 613.786 877.133
0 46 717.466 993.255
1 46 719.539 991.181
2 46 725.76 989.107
0 47 767.232 640.742
1 47 770.688 639.36
2 47 777.6 638.669
0 48 870.912 776.356
1 48 775.526 705.024
2 48 880.865 776.356
0 49 788.798 997.817
1 49 791.286 997.817
2 49 798.751 995.328
0 50 863.447 771.379
1 50 865.936 771.379
2 50 873.401 771.379
0 51 544.942 724.101
1 51 547.431 721.613
2 51 552.407 719.125
0 52 569.825 716.636
1 52 572.314 716.636
2 52 579.779 711.66
0 53 767.232 702.951
1 53 867.13 773.967
2 53 776.356 701.706
0 54 637.01 913.214
1 54 639.498 910.725
2 54 644.475 908.237
0 55 863.447 771.379
1 55 865.936 773.37
2 55 694.241 681.8
0 56 689.763 683.791
1 56 692.748 683.791
2 56 699.218 679.312
0 57 669.358 948.05
1 57 671.847 945.562
2 57 679.312 943.073
0 58 767.398 704.692
1 58 770.384 704.692
2 58 776.356 701.706
0 59 570.323 716.636
1 59 573.309 713.65
2 59 579.281 713.65
0 60 767.232 702.951
1 60 867.13 773.967
2 60 874.894 773.37
0 61 870.912 776.356
1 61 874.894 776.356
2 61 880.866 776.356
0 62 668.861 949.543
1 62 671.847 946.557
2 62 677.819 943.571
0 63 525.533 809.202
1 63 528.519 809.202
2 63 534.491 806.216
0 64 543.449 725.594
1 64 546.435 722.608
2 64 552.407 719.622
0 65 686.776 967.459
1 65 686.776 967.459
2 65 695.734 964.473
0 66 665.875 925.655
1 66 668.861 922.669
2 66 674.833 919.683
0 67 689.763 683.791
1 67 692.748 683.791
2 67 698.72 680.805
0 68 859.964 702.304
1 68 863.547 702.304
2 68 870.713 702.304
0 69 867.13 705.887
1 69 870.713 705.887
2 69 877.88 705.887
0 70 767.232 702.951
1 70 867.13 773.967
2 70 874.296 773.967
0 71 689.763 683.791
1 71 691.554 680.805
2 71 698.72 680.805
