40
0 0 705.024 684.288
1 0 754.791 717.466
2 0 793.44 774.72
0 1 454.464 836.352
1 1 494.208 867.456
2 1 524.16 924.48
0 2 724.32 273.6
1 2 766.08 303.84
2 2 797.76 349.92
0 3 387.072 672.192
1 3 426.816 701.568
2 3 456.192 749.952
0 4 131.328 107.136
1 4 174.528 133.056
2 4 207.36 176.256
0 5 101.952 530.496
1 5 139.968 554.688
2 5 167.616 601.344
0 6 399.168 684.288
1 6 438.912 711.936
2 6 468.288 763.776
0 7 603.418 738.202
1 7 642.816 769.306
2 7 673.92 821.146
0 8 101.606 532.915
1 8 139.346 557.384
2 8 165.888 603.418
0 9 566.093 740.275
1 9 605.491 771.379
2 9 634.522 823.219
0 10 564.019 746.496
1 10 603.418 775.526
2 10 632.448 829.44
0 11 690.509 273.715
1 11 731.981 302.746
2 11 765.159 348.365
0 12 99.5328 534.989
1 12 139.346 557.384
2 12 166.717 602.174
0 13 1172 885.842
1 13 1217.2 926.899
2 13 1256.6 987.863
0 14 109.486 539.966
1 14 149.299 564.849
2 14 176.671 609.639
0 15 706.683 681.8
1 15 754.791 717.466
2 15 793.774 773.868
0 16 594.709 729.078
1 16 634.522 758.938
2 16 664.382 811.193
0 17 146.811 547.431
1 17 186.624 572.314
2 17 213.996 617.104
0 18 452.874 831.099
1 18 495.176 860.959
2 18 525.036 915.702
0 19 487.711 186.624
1 19 530.012 216.484
2 19 562.36 261.274
0 20 604.662 532.501
1 20 639.001 558.379
2 20 666.87 604.662
0 21 98.5375 537.477
1 21 140.341 558.379
2 21 164.229 606.155
0 22 465.814 830.104
1 22 504.631 862.95
2 22 534.491 919.683
0 23 603.169 531.505
1 23 639.498 559.872
2 23 665.875 606.155
0 24 489.702 188.117
1 24 531.505 214.991
2 24 561.365 262.767
0 25 403.108 683.791
1 25 441.926 710.664
2 25 471.786 761.426
0 26 706.683 681.8
1 26 755.454 719.622
2 26 794.272 776.356
0 27 603.169 737.538
1 27 641.987 767.398
2 27 671.847 821.146
0 28 98.5375 519.561
1 28 137.355 543.449
2 28 164.229 588.239
0 29 598.391 745.302
1 29 637.806 777.55
2 29 670.055 827.715
0 30 386.984 673.638
1 30 426.399 702.304
2 30 455.064 752.468
0 31 404.9 680.805
1 31 444.315 709.47
2 31 472.98 759.635
0 32 372.651 827.715
1 32 412.066 856.38
2 32 440.731 910.128
0 33 874.296 670.055
1 33 910.128 702.304
2 33 942.377 752.468
0 34 605.558 734.552
1 34 644.973 763.218
2 34 673.638 816.965
0 35 705.024 680.141
1 35 756.051 716.636
2 35 795.466 773.967
0 36 111.079 537.477
1 36 150.494 562.56
2 36 175.576 609.141
0 37 494.479 189.909
1 37 537.477 218.574
2 37 569.726 265.155
0 38 594.211 728.58
1 38 630.64 759.635
2 38 662.889 809.799
0 39 603.169 531.505
1 39 639.001 558.379
2 39 662.889 601.975
