47
0 0 1262 364
1 0 1252 332
2 0 1238 294
0 1 1263.6 358.8
1 1 1254 326.4
2 1 1238.4 288
0 2 1262.88 358.56
1 2 1254.24 326.88
2 2 1238.4 288
0 3 1563.84 475.2
1 3 1556.93 444.096
2 3 1544.83 404.352
0 4 1548.29 470.016
1 4 1541.38 438.912
2 4 1529.28 399.168
0 5 1263.17 359.424
1 5 1254.53 326.592
2 5 1238.98 288.576
0 6 1261.44 364.32
1 6 1252.8 333.504
2 6 1237.25 293.76
0 7 1302.91 368.064
1 7 1294.27 336.96
2 7 1280.45 297.216
0 8 1539.65 466.56
1 8 1534.46 435.456
2 8 1522.37 395.712
0 9 1175.04 991.872
1 9 1176.77 972.864
2 9 1171.58 943.488
0 10 762.048 841.536
1 10 755.136 825.984
2 10 741.312 803.52
0 11 1173.66 993.255
1 11 1177.8 972.519
2 11 1171.58 943.488
0 12 1540.69 466.56
1 12 1534.46 435.456
2 12 1522.02 396.058
0 13 1540.69 452.045
1 13 1534.46 420.941
2 13 1522.02 381.542
0 14 1300.15 373.248
1 14 1291.85 340.07
2 14 1277.34 302.746
0 15 1264.9 358.733
1 15 1256.6 325.97
2 15 1240.01 288.23
0 16 1563.49 474.854
1 16 1557.27 443.75
2 16 1544.83 404.352
0 17 1262.82 364.954
1 17 1252.45 333.85
2 17 1237.94 294.451
0 18 1546.91 468.634
1 18 1540.69 437.53
2 18 1528.24 398.131
0 19 1296 377.395
1 19 1287.71 346.291
2 19 1273.19 308.966
0 20 1551.05 462.413
1 20 1544.83 431.309
2 20 1532.39 391.91
0 21 1571.79 474.854
1 21 1565.57 443.75
2 21 1553.13 404.352
0 22 329.702 605.491
1 22 300.672 588.902
2 22 267.494 568.167
0 23 1264.9 358.733
1 23 1254.53 327.629
2 23 1241.67 288.645
0 24 1264.07 365.783
1 24 1254.11 333.435
2 24 1239.18 296.11
0 25 1301.39 370.76
1 25 1291.44 340.9
2 25 1276.51 301.087
0 26 1296.42 378.225
1 26 1286.46 345.877
2 26 1274.02 308.552
0 27 1174.49 992.84
1 27 1176.98 972.933
2 27 1172 943.073
0 28 1547.74 467.804
1 28 1540.27 435.456
2 28 1527.83 395.643
0 29 1157.07 201.554
1 29 1144.63 166.717
2 29 1127.21 124.416
0 30 994.333 665.875
1 30 976.417 636.015
2 30 955.515 603.169
0 31 1266.06 358.318
1 31 1257.1 328.458
2 31 1242.17 289.641
0 32 1579.59 468.8
1 32 1573.61 435.954
2 32 1561.67 397.136
0 33 1263.07 367.276
1 33 1254.11 334.43
2 33 1239.18 295.612
0 34 1540.77 453.87
1 34 1534.8 421.024
2 34 1522.85 382.206
0 35 1272.03 418.038
1 35 1263.07 385.192
2 35 1248.14 349.36
0 36 1251.13 409.08
1 36 1242.17 379.22
2 36 1227.24 340.402
0 37 1576.6 477.758
1 37 1570.63 444.912
2 37 1558.68 406.094
0 38 1570.63 462.828
1 38 1564.66 429.982
2 38 1552.71 391.164
0 39 1296.42 378.225
1 39 1283.97 349.36
2 39 1272.03 310.542
0 40 1268.45 358.318
1 40 1257.7 326.07
2 40 1243.36 286.655
0 41 1264.86 365.485
1 41 1254.11 333.236
2 41 1239.78 297.404
0 42 1017.62 741.719
1 42 1003.29 716.636
2 42 981.792 680.805
0 43 1297.11 369.068
1 43 1289.95 336.819
2 43 1275.61 300.987
0 44 967.459 720.22
1 44 949.543 691.554
2 44 928.044 659.305
0 45 1540.77 455.064
1 45 1533.6 422.815
2 45 1522.85 383.4
0 46 996.125 662.889
1 46 978.209 634.223
2 46 956.71 601.975
