20
0 0 1343 419
1 0 1334 426
2 0 1339 420
0 1 1342.8 418.8
1 1 1334.4 426
2 1 1339.2 420
0 2 1101.6 746.4
1 2 1079.93 758.938
2 2 1065.6 757.44
0 3 1306.37 444.096
1 3 1296 451.008
2 3 1299.46 447.552
0 4 1314.72 403.2
1 4 1304.64 407.808
2 4 1308.1 402.624
0 5 1341.62 418.867
1 5 1332.29 425.088
2 5 1337.47 420.941
0 6 1314.66 408.499
1 6 1304.29 414.72
2 6 1308.44 408.499
0 7 1306.37 443.75
1 7 1296 452.045
2 7 1298.07 447.898
0 8 1551.05 503.885
1 8 1551.05 512.179
2 8 1565.57 508.032
0 9 1316.32 408.085
1 9 1304.29 414.72
2 9 1308.86 408.085
0 10 1341.2 418.038
1 10 1331.25 423.014
2 10 1336.23 418.038
0 11 1301.39 432.968
1 11 1291.44 440.433
2 11 1293.93 435.456
0 12 1340.71 418.038
1 12 1328.76 424.01
2 12 1334.74 418.038
0 13 1304.88 444.912
1 13 1292.93 450.884
2 13 1298.9 447.898
0 14 1102.33 746.496
1 14 1079.93 758.938
2 14 1066 758.44
0 15 1346.68 412.066
1 15 1334.74 418.038
2 15 1340.71 412.066
0 16 1313.83 409.08
1 16 1304.88 415.052
2 16 1307.86 409.08
0 17 1549.73 492.688
1 17 1549.73 501.645
2 17 1564.66 495.673
0 18 1315.03 408.483
1 18 1304.88 415.052
2 18 1307.86 408.483
0 19 1304.28 433.565
1 19 1293.53 440.731
2 19 1297.11 433.565
