14
0 0 895.104 160.704
1 0 836.352 153.792
2 0 774.144 143.424
0 1 1007.77 868.839
1 1 986.688 857.088
2 1 969.408 834.624
0 2 895.795 161.741
1 2 835.661 153.446
2 2 775.526 143.078
0 3 897.869 151.373
1 3 837.734 147.226
2 3 773.453 136.858
0 4 938.097 164.229
1 4 878.377 154.276
2 4 813.681 144.323
0 5 935.609 171.694
1 5 875.889 161.741
2 5 811.193 149.299
0 6 1159.56 903.26
1 6 1107.3 872.986
2 6 1060.02 836.076
0 7 1007.77 868.424
1 7 987.863 855.982
2 7 970.445 831.099
0 8 898.284 161.741
1 8 838.564 154.276
2 8 776.356 144.323
0 9 931.627 170.201
1 9 874.894 161.243
2 9 809.202 149.299
0 10 898.781 152.285
1 10 839.062 146.313
2 10 773.37 137.355
0 11 895.795 161.243
1 11 834.881 154.077
2 11 776.356 143.327
0 12 1143.04 906.545
1 12 1092.87 881.463
2 12 1042.71 842.048
0 13 931.627 171.993
1 13 874.296 161.243
2 13 809.799 150.494
