26
0 0 1869 144
1 0 1856 138
2 0 1850 133
0 1 1483.2 387.36
1 1 1461.6 390
2 1 1442.4 394.8
0 2 1534.8 141.6
1 2 1520.4 138
2 2 1510.8 133.2
0 3 1482.62 387.763
1 3 1461.89 390.528
2 3 1441.44 394.56
0 4 955.93 514.253
1 4 931.68 521.28
2 4 905.472 528.768
0 5 1406.59 684.288
1 5 1387.58 691.2
2 5 1370.3 699.84
0 6 1483.04 388.178
1 6 1461.89 391.91
2 6 1442.88 395.712
0 7 1397.61 682.214
1 7 1378.94 688.435
2 7 1360.28 698.803
0 8 1406.59 684.288
1 8 1387.24 692.583
2 8 1370.65 700.877
0 9 1762.56 810.778
1 9 1748.05 819.072
2 9 1735.6 829.44
0 10 1481.05 388.178
1 10 1460.64 393.155
2 10 1443.23 396.058
0 11 1481.05 388.178
1 11 1460.15 394.15
2 11 1443.23 395.643
0 12 1575.94 655.258
1 12 1560.18 661.893
2 12 1547.74 666.87
0 13 888.33 109.486
1 13 858.471 111.974
2 13 828.611 114.463
0 14 1401.75 682.214
1 14 1382.51 689.763
2 14 1364.6 698.72
0 15 1481.05 388.178
1 15 1460.15 394.15
2 15 1442.23 397.136
0 16 1576.6 653.931
1 16 1561.67 659.903
2 16 1546.74 665.875
0 17 946.557 232.907
1 17 916.697 238.879
2 17 889.823 241.865
0 18 1478.06 107.495
1 18 1463.13 104.509
2 18 1451.19 98.5375
0 19 1391.47 680.805
1 19 1373.55 686.776
2 19 1355.64 695.734
0 20 1394.45 692.748
1 20 1376.54 698.72
2 20 1358.62 707.678
0 21 956.71 207.825
1 21 924.461 211.408
2 21 895.795 214.991
0 22 1481.05 388.178
1 22 1458.35 394.15
2 22 1440.44 397.733
0 23 1397.44 687.971
1 23 1376.54 698.72
2 23 1358.03 705.887
0 24 1391.47 680.805
1 24 1373.55 686.776
2 24 1354.44 695.137
0 25 1576.6 652.139
1 25 1562.27 659.305
2 25 1547.93 666.472
