16
0 0 1017.79 608.256
1 0 973.44 609.12
2 0 918.72 610.56
0 1 1342.08 92.16
1 1 1278.72 90.72
2 1 1200.96 89.28
0 2 897.12 671.04
1 2 859.68 678.24
2 2 819.072 686.016
0 3 1347.84 860.544
1 3 1308.44 846.029
2 3 1260.75 829.44
0 4 559.872 159.667
1 4 505.958 178.33
2 4 441.677 196.992
0 5 1336.23 92.0679
1 5 1271.53 89.5795
2 5 1196.88 89.5795
0 6 995.328 582.267
1 6 950.538 584.755
2 6 895.795 587.244
0 7 1361.11 796.263
1 7 1318.81 781.333
2 7 1266.56 766.403
0 8 589.732 161.741
1 8 539.966 179.159
2 8 475.269 196.577
0 9 559.872 159.253
1 9 505.958 178.33
2 9 442.921 196.577
0 10 994.333 582.267
1 10 949.543 582.267
2 10 895.795 585.253
0 11 1313.83 818.16
1 11 1272.03 803.23
2 11 1224.25 791.286
0 12 1663.19 680.805
1 12 1606.46 656.917
2 12 1537.78 633.029
0 13 895.795 662.889
1 13 859.964 670.055
2 13 816.965 677.221
0 14 1315.03 816.965
1 14 1272.03 802.633
2 14 1225.45 788.3
0 15 1057.04 698.72
1 15 1017.62 698.72
2 15 971.042 698.72
