18
0 0 1101.6 981.6
1 0 1055 959
2 0 1015 937
0 1 1091.52 977.76
1 1 1045.44 955.584
2 1 1006.56 934.56
0 2 1005.7 184.896
1 2 934.848 171.072
2 2 877.824 162.432
0 3 965.952 172.8
1 3 895.104 160.704
2 3 836.352 153.792
0 4 1007.42 177.984
1 4 936.576 164.16
2 4 877.824 155.52
0 5 1213.06 929.664
1 5 1156.03 898.56
2 5 1105.92 870.912
0 6 1051.32 794.189
1 6 1017.72 778.844
2 6 998.784 760.32
0 7 1214.3 933.12
1 7 1157.07 899.943
2 7 1107.3 872.986
0 8 966.298 174.182
1 8 895.795 161.741
2 8 835.661 153.446
0 9 1005.28 184.136
1 9 935.609 171.694
2 9 875.889 161.741
0 10 1199.37 888.33
1 10 1139.65 860.959
2 10 1087.4 833.587
0 11 985.375 228.925
1 11 918.19 216.484
2 11 858.471 206.531
0 12 967.957 174.182
1 12 898.284 161.741
2 12 838.564 154.276
0 13 1214.3 933.12
1 13 1158.56 904.753
2 13 1107.8 874.894
0 14 1005.28 184.136
1 14 931.627 170.201
2 14 874.894 161.243
0 15 999.708 182.742
1 15 931.627 171.993
2 15 874.296 161.243
0 16 1218.28 938.794
1 16 1160.95 906.545
2 16 1110.79 877.88
0 17 967.459 175.576
1 17 895.795 161.243
2 17 834.881 154.077
