48
0 0 1486.8 52.8
1 0 1500 42
2 0 1504.8 46.8
0 1 1327.68 696.96
1 1 1339.2 702.72
2 1 1343.52 717.12
0 2 1399.68 381.6
1 2 1411.2 384
2 2 1415.52 397.44
0 3 1481.76 77.76
1 3 1494.72 65.664
2 3 1500.48 72
0 4 1395.53 379.469
1 4 1407.97 381.542
2 4 1411.78 393.984
0 5 184.896 368.064
1 5 176.256 380.16
2 5 157.248 397.44
0 6 1399.68 381.6
1 6 1411.2 384.48
2 6 1415.23 397.44
0 7 1339.2 703.296
1 7 1351.3 710.208
2 7 1356.48 724.032
0 8 1494.72 74.304
1 8 1506.82 63.936
2 8 1512 69.12
0 9 1481.76 77.76
1 9 1494.72 65.664
2 9 1499.9 70.848
0 10 1325.38 715.392
1 10 1335.74 722.304
2 10 1340.93 737.856
0 11 1530.32 655.258
1 11 1544.83 658.368
2 11 1551.74 670.464
0 12 1327.68 696.96
1 12 1339.2 702.72
2 12 1342.66 715.392
0 13 1339.55 702.951
1 13 1351.99 709.171
2 13 1356.13 723.687
0 14 1495.07 74.6496
1 14 1507.51 64.2816
2 14 1511.65 68.4288
0 15 1482.62 74.6496
1 15 1495.07 64.2816
2 15 1499.21 70.5024
0 16 595.123 82.944
1 16 592.22 84.6029
2 16 586.829 95.3856
0 17 1395.53 379.469
1 17 1407.97 381.542
2 17 1412.12 393.984
0 18 1191.91 236.39
1 18 1198.54 232.243
2 18 1204.76 236.39
0 19 1530.32 655.258
1 19 1544.83 658.368
2 19 1551.05 671.846
0 20 188.698 335.923
1 20 180.403 346.291
2 20 161.741 362.88
0 21 1395.53 379.469
1 21 1406.4 385.192
2 21 1413.37 395.643
0 22 1331.25 706.683
1 22 1337.72 719.622
2 22 1346.18 729.078
0 23 1530.32 654.428
1 23 1545.25 656.917
2 23 1552.71 669.358
0 24 666.87 102.021
1 24 666.87 104.509
2 24 661.893 114.463
0 25 1739.34 833.587
1 25 1759.24 843.541
2 25 1771.68 860.959
0 26 1191.91 236.39
1 26 1199.37 231.414
2 26 1204.35 236.39
0 27 597.197 82.1146
1 27 592.22 84.6029
2 27 587.244 94.5562
0 28 656.917 101.523
1 28 656.917 104.509
2 28 651.94 114.463
0 29 1397.44 383.4
1 29 1406.4 385.192
2 29 1412.37 397.136
0 30 1331.75 704.692
1 30 1346.18 706.683
2 30 1349.67 722.608
0 31 1531.81 650.945
1 31 1545.25 656.917
2 31 1552.71 668.861
0 32 1189.62 232.907
1 32 1200.37 229.921
2 32 1203.35 235.893
0 33 1684.1 839.062
1 33 1702.01 848.02
2 33 1713.96 865.936
0 34 662.889 101.523
1 34 656.917 104.509
2 34 656.917 113.467
0 35 1687.08 830.104
1 35 1707.98 839.062
2 35 1716.94 856.978
0 36 1530.32 644.475
1 36 1543.75 647.959
2 36 1552.71 659.903
0 37 1710.97 839.062
1 37 1728.89 848.02
2 37 1740.83 865.936
0 38 1325.78 713.65
1 38 1337.72 719.622
2 38 1343.69 734.552
0 39 656.917 101.523
1 39 656.917 104.509
2 39 650.945 113.467
0 40 666.87 102.021
1 40 665.875 104.509
2 40 662.889 113.467
0 41 1397.44 383.4
1 41 1408.19 383.4
2 41 1411.77 397.733
0 42 1702.01 859.964
1 42 1723.51 870.713
2 42 1734.26 888.629
0 43 784.717 240.073
1 43 788.3 243.656
2 43 784.717 254.406
0 44 656.917 101.523
1 44 656.917 104.509
2 44 652.139 114.662
0 45 1189.62 232.907
1 45 1200.37 225.74
2 45 1203.95 232.907
0 46 773.967 125.411
1 46 773.967 125.411
2 46 770.384 136.161
0 47 1709.18 838.465
1 47 1730.68 845.631
2 47 1741.43 863.547
