23
0 0 1533.6 920.4
1 0 1531.2 901.2
2 0 1513.2 888
0 1 1183.2 648
1 1 1180.8 638.4
2 1 1162.8 633.6
0 2 1500.48 925.92
1 2 1499.04 907.2
2 2 1481.76 894.24
0 3 1528.24 906.163
1 3 1526.17 887.501
2 3 1507.51 875.059
0 4 1615.33 136.858
1 4 1600.82 128.563
2 4 1569.72 124.416
0 5 1473.09 923.167
1 5 1473.09 905.749
2 5 1455.67 893.307
0 6 1069.98 818.657
1 6 1072.47 808.704
2 6 1060.02 806.216
0 7 793.774 134.369
1 7 796.263 136.858
2 7 778.844 144.323
0 8 1204.35 771.379
1 8 1203.35 761.426
2 8 1189.42 753.961
0 9 1211.81 753.961
1 9 1211.81 744.008
2 9 1196.88 736.543
0 10 1122.23 751.473
1 10 1122.23 741.52
2 10 1107.3 736.543
0 11 1547.74 248.832
1 11 1531.81 238.879
2 11 1505.43 236.39
0 12 1203.35 773.37
1 12 1203.35 761.426
2 12 1188.42 755.454
0 13 1490.01 483.73
1 13 1481.05 471.786
2 13 1457.16 462.828
0 14 1039.12 704.692
1 14 1045.09 698.72
2 14 1030.16 695.734
0 15 1475.08 916.697
1 15 1475.08 898.781
2 15 1457.16 886.837
0 16 1248.14 662.889
1 16 1248.14 653.931
2 16 1230.23 647.959
0 17 791.286 134.369
1 17 794.272 137.355
2 17 776.356 143.327
0 18 763.218 125.411
1 18 767.398 131.383
2 18 749.482 137.355
0 19 1251.13 644.973
1 19 1251.13 636.015
2 19 1233.21 630.043
0 20 1246.95 662.889
1 20 1246.95 652.139
2 20 1229.03 648.556
0 21 1110.79 741.719
1 21 1110.79 730.969
2 21 1096.45 727.386
0 22 1211.12 752.468
1 22 1211.12 741.719
2 22 1196.78 734.552
