54
0 0 794.88 305.28
1 0 829.44 302.4
2 0 862.56 299.52
0 1 478.656 463.104
1 1 514.944 457.92
2 1 546.048 454.464
0 2 364.608 540.864
1 2 400.896 535.68
2 2 433.728 528.768
0 3 471.744 433.728
1 3 508.032 430.272
2 3 539.136 423.36
0 4 76.032 762.048
1 4 114.048 751.68
2 4 146.88 741.312
0 5 1656.81 765.159
1 5 1698.62 772.416
2 5 1736.64 782.784
0 6 232.243 893.722
1 6 267.494 885.427
2 6 298.598 875.059
0 7 78.7968 756.864
1 7 116.122 746.496
2 7 149.299 736.128
0 8 364.954 541.21
1 8 400.205 534.989
2 8 433.382 528.768
0 9 327.629 534.989
1 9 364.954 528.768
2 9 398.131 522.547
0 10 479.002 462.413
1 10 514.253 458.266
2 10 545.357 454.118
0 11 485.222 458.266
1 11 520.474 452.045
2 11 551.578 447.898
0 12 491.443 435.456
1 12 528.768 433.382
2 12 559.872 427.162
0 13 1656.81 765.159
1 13 1700.35 773.453
2 13 1737.68 783.821
0 14 78.7968 761.011
1 14 114.048 752.717
2 14 149.299 740.275
0 15 1028.51 443.75
1 15 1063.76 443.75
2 15 1096.93 443.75
0 16 364.29 797.258
1 16 398.131 791.286
2 16 427.991 781.333
0 17 370.76 803.728
1 17 403.108 798.751
2 17 432.968 791.286
0 18 77.1379 756.449
1 18 116.951 746.496
2 18 151.788 734.055
0 19 1005.28 231.414
1 19 1042.61 228.925
2 19 1077.44 226.437
0 20 328.458 534.989
1 20 365.783 527.524
2 20 398.131 522.547
0 21 320.993 525.036
1 21 358.318 520.059
2 21 390.666 512.594
0 22 316.017 522.547
1 22 353.342 515.082
2 22 385.69 510.106
0 23 1000.3 238.879
1 23 1035.14 233.902
2 23 1072.47 233.902
0 24 492.687 435.456
1 24 527.524 432.968
2 24 559.872 427.991
0 25 472.781 432.968
1 25 507.617 427.991
2 25 539.966 423.014
0 26 408.085 502.641
1 26 442.921 497.664
2 26 475.269 492.687
0 27 373.248 410.573
1 27 410.573 405.596
2 27 442.921 400.62
0 28 1657.22 763.914
1 28 1699.52 771.379
2 28 1736.85 783.821
0 29 793.774 301.087
1 29 828.611 298.598
2 29 863.447 296.11
0 30 355.332 803.23
1 30 388.178 797.258
2 30 418.038 788.3
0 31 328.458 534.491
1 31 364.29 528.519
2 31 397.136 522.547
0 32 322.486 525.533
1 32 358.318 519.561
2 32 391.164 513.589
0 33 483.73 456.856
1 33 516.575 456.856
2 33 549.421 450.884
0 34 999.708 236.49
1 34 1036.14 232.907
2 34 1071.97 232.907
0 35 406.094 438.94
1 35 441.926 432.968
2 35 474.772 426.996
0 36 364.29 540.463
1 36 400.122 534.491
2 36 432.968 528.519
0 37 319.5 507.617
1 37 355.332 501.645
2 37 388.178 495.673
0 38 492.688 435.954
1 38 528.519 432.968
2 38 558.379 426.996
0 39 1657.22 763.914
1 39 1699.03 773.37
2 39 1737.84 785.314
0 40 406.094 501.645
1 40 442.921 497.664
2 40 474.772 492.688
0 41 388.178 412.066
1 41 421.024 406.094
2 41 456.856 400.122
0 42 283.669 191.103
1 42 318.903 182.742
2 42 358.318 179.159
0 43 329.653 533.894
1 43 365.485 526.728
2 43 397.733 519.561
0 44 322.486 526.728
1 44 358.318 519.561
2 44 390.567 512.395
0 45 232.907 892.212
1 45 268.739 885.046
2 45 297.404 874.296
0 46 490.896 433.565
1 46 526.728 429.982
2 46 558.976 426.399
0 47 386.984 408.483
1 47 422.815 404.9
2 47 455.064 397.733
0 48 404.9 501.645
1 48 440.731 494.479
2 48 472.98 490.896
0 49 365.485 537.477
1 49 401.316 530.311
2 49 433.565 526.728
0 50 404.9 437.148
1 50 444.315 433.565
2 50 476.563 426.399
0 51 318.903 558.976
1 51 354.735 551.81
2 51 386.984 544.644
0 52 1657.22 763.914
1 52 1699.03 773.37
2 52 1737.84 781.134
0 53 404.9 429.982
1 53 440.731 422.815
2 53 472.98 419.232
