20
0 0 1183.68 669.6
1 0 1180.8 651.6
2 0 1173.6 636
0 1 1193.76 686.88
1 1 1190.88 666.72
2 1 1185.12 649.44
0 2 984.96 885.427
1 2 1007.42 858.816
2 2 1021.25 839.808
0 3 768.96 126.144
1 3 784.512 131.328
2 3 789.696 134.784
0 4 766.403 124.416
1 4 781.333 131.881
2 4 790.042 134.784
0 5 1200.61 702.951
1 5 1198.54 680.141
2 5 1192.32 663.552
0 6 734.055 121.928
1 6 752.717 128.563
2 6 761.011 132.71
0 7 731.566 116.951
1 7 750.643 124.416
2 7 756.864 128.563
0 8 1689.98 174.182
1 8 1660.95 161.741
2 8 1631.92 149.299
0 9 701.706 676.823
1 9 717.466 665.626
2 9 725.76 655.258
0 10 731.566 116.453
1 10 748.984 119.439
2 10 756.449 126.904
0 11 1689.57 174.182
1 11 1657.22 159.253
2 11 1632.34 149.299
0 12 985.375 883.354
1 12 1007.77 860.959
2 12 1022.7 841.052
0 13 1612.43 291.134
1 13 1590.04 273.715
2 13 1565.15 258.785
0 14 764.412 125.411
1 14 781.333 131.881
2 14 788.798 134.369
0 15 1182.45 665.875
1 15 1179.46 647.959
2 15 1173.49 630.043
0 16 764.412 125.411
1 16 782.328 131.383
2 16 788.3 134.369
0 17 1185.44 701.706
1 17 1182.45 680.805
2 17 1176.48 662.889
0 18 731.566 116.453
1 18 748.885 121.828
2 18 758.44 128.397
0 19 985.375 885.046
1 19 1009.26 862.95
2 19 1021.21 842.048
