46
0 0 468 680.4
1 0 506 684
2 0 546 693
0 1 468 680.4
1 1 507.6 684
2 1 547.2 693.6
0 2 315.36 763.2
1 2 355.68 767.52
2 2 396 777.6
0 3 468 681.12
1 3 508.32 684
2 3 547.2 694.08
0 4 315.36 763.2
1 4 355.68 767.52
2 4 396 777.6
0 5 468 673.92
1 5 508.32 676.8
2 5 547.2 686.88
0 6 576 217.44
1 6 617.76 217.44
2 6 659.52 227.52
0 7 315.187 765.159
1 7 354.586 769.306
2 7 395.712 779.328
0 8 545.76 858.24
1 8 586.829 866.765
2 8 630.72 879.552
0 9 432 181.44
1 9 473.472 179.712
2 9 513.216 190.08
0 10 1016.06 721.613
1 10 1062.51 731.566
2 10 1107.65 746.496
0 11 458.266 663.552
1 11 497.664 665.626
2 11 537.062 675.994
0 12 466.56 671.846
1 12 505.958 675.994
2 12 545.357 684.288
0 13 431.309 673.92
1 13 470.707 675.994
2 13 510.106 686.362
0 14 425.088 680.141
1 14 466.56 682.214
2 14 503.885 692.583
0 15 315.187 765.159
1 15 354.586 769.306
2 15 396.058 779.674
0 16 335.232 741.312
1 16 377.395 744.422
2 16 414.72 756.864
0 17 1015.23 721.613
1 17 1063.76 731.981
2 17 1107.3 746.496
0 18 539.136 213.581
1 18 582.682 213.581
2 18 624.154 223.949
0 19 1219.28 393.155
1 19 1276.51 400.62
2 19 1323.79 413.061
0 20 1060.02 447.898
1 20 1113.77 456.856
2 20 1162.05 467.804
0 21 527.524 893.307
1 21 572.314 900.772
2 21 614.615 915.702
0 22 549.919 883.354
1 22 592.22 893.307
2 22 634.522 905.749
0 23 542.454 858.471
1 23 584.755 868.424
2 23 627.057 880.865
0 24 430.479 671.847
1 24 470.293 674.335
2 24 510.106 684.288
0 25 457.851 661.893
1 25 495.673 665.875
2 25 537.477 674.335
0 26 233.902 758.938
1 26 273.715 761.426
2 26 316.017 771.379
0 27 315.187 765.159
1 27 353.342 768.891
2 27 395.643 781.333
0 28 1027.18 728.58
1 28 1074.95 736.543
2 28 1117.26 751.473
0 29 1015.23 721.613
1 29 1063.76 731.981
2 29 1107.3 746.496
0 30 1057.04 438.94
1 30 1110.79 447.898
2 30 1158.56 459.842
0 31 546.435 874.894
1 31 588.239 883.852
2 31 633.029 895.795
0 32 541.06 838.465
1 32 587.244 853.494
2 32 630.043 865.936
0 33 1060.02 450.884
1 33 1113.77 456.856
2 33 1161.55 468.8
0 34 456.856 662.889
1 34 495.673 665.875
2 34 537.477 674.833
0 35 226.935 609.141
1 35 265.753 609.141
2 35 304.57 618.099
0 36 250.823 615.113
1 36 289.641 618.099
2 36 331.444 624.071
0 37 232.907 758.44
1 37 274.711 761.426
2 37 313.528 773.37
0 38 1027.18 728.58
1 38 1074.95 736.543
2 38 1119.74 752.468
0 39 541.06 838.465
1 39 584.059 845.631
2 39 627.057 859.964
0 40 250.823 612.724
1 40 290.238 616.307
2 40 329.653 623.474
0 41 455.064 662.889
1 41 494.479 666.472
2 41 537.477 673.638
0 42 548.227 881.463
1 42 591.225 888.629
2 42 634.223 902.962
0 43 537.477 859.964
1 43 580.475 867.13
2 43 623.474 881.463
0 44 1060.62 451.481
1 44 1114.37 455.064
2 44 1164.53 469.397
0 45 232.907 756.051
1 45 272.322 759.635
2 45 315.32 770.384
