51
0 0 1051.2 775.2
1 0 1081 778
2 0 1112 780
0 1 1055 680
1 1 1084 683
2 1 1116 684
0 2 1053 676
1 2 1083 679
2 2 1114 680
0 3 947.52 613.44
1 3 976.32 613.44
2 3 1008 615.6
0 4 1052.4 656.4
1 4 1082.4 658.8
2 4 1114.8 660
0 5 954.72 702.72
1 5 982.8 703.2
2 5 1012.8 704.4
0 6 1051.2 776.16
1 6 978 700
2 6 1008 702
0 7 1053.6 676.8
1 7 1082.4 678
2 7 1114.8 680.4
0 8 819.6 894
1 8 844.8 891.6
2 8 871.2 888
0 9 872.64 879.84
1 9 898.56 877.824
2 9 925.92 874.08
0 10 881.28 872.64
1 10 907.2 871.2
2 10 934.56 868.32
0 11 875.52 882.72
1 11 901.44 879.84
2 11 928.8 876.96
0 12 879.84 869.76
1 12 905.76 866.88
2 12 934.56 864
0 13 835.2 891.36
1 13 861.12 888.48
2 13 888.48 885.6
0 14 954.72 640.8
1 14 982.8 642
2 14 1013.76 642.24
0 15 1051.2 776.16
1 15 1081.2 777.6
2 15 1111.68 780.48
0 16 763.2 679.68
1 16 787.68 675.36
2 16 815.04 672.48
0 17 954.72 702.72
1 17 982.08 704.16
2 17 1012.32 704.16
0 18 715.68 689.76
1 18 743.04 685.44
2 18 768.96 682.56
0 19 1050.62 711.936
1 19 1080 713.664
2 19 1112.83 715.392
0 20 872.64 879.552
1 20 898.56 877.824
2 20 926.208 874.368
0 21 1057.54 781.056
1 21 1086.91 782.784
2 21 1118.02 784.512
0 22 1052.56 778.844
1 22 1081.73 779.328
2 22 1112.83 781.056
0 23 879.552 869.184
1 23 905.472 865.728
2 23 933.12 864
0 24 748.224 762.048
1 24 774.144 758.592
2 24 801.792 753.408
0 25 1060.99 718.848
1 25 1090.37 720.576
2 25 1121.47 722.304
0 26 762.048 679.104
1 26 787.968 675.648
2 26 815.616 672.192
0 27 715.68 689.76
1 27 743.04 685.44
2 27 768.96 682.56
0 28 1069.63 452.736
1 28 1100.74 454.464
2 28 1135.3 456.192
0 29 1057.54 781.747
1 29 1086.57 783.821
2 29 1117.67 783.821
0 30 1053.39 777.6
1 30 1082.42 781.333
2 30 1113.52 781.747
0 31 1061.68 680.141
1 31 1090.71 682.214
2 31 1123.89 684.288
0 32 950.4 699.84
1 32 978.048 701.568
2 32 1007.77 702.951
0 33 1053.39 694.656
1 33 1082.42 696.73
2 33 1115.6 698.803
0 34 1061.68 686.362
1 34 1090.71 688.435
2 34 1123.89 690.509
0 35 1069.98 452.045
1 35 1101.08 454.118
2 35 1134.26 456.192
0 36 715.392 690.509
1 36 742.349 686.362
2 36 769.306 682.214
0 37 879.207 868.839
1 37 906.163 864.691
2 37 933.12 862.618
0 38 1055.05 656.917
1 38 1084.91 659.405
2 38 1117.26 661.893
0 39 1055.05 671.847
1 39 1084.91 674.335
2 39 1117.26 676.823
0 40 833.587 890.819
1 40 858.471 888.33
2 40 885.842 885.842
0 41 716.636 689.265
1 41 741.52 686.776
2 41 768.891 681.8
0 42 1054.05 779.342
1 42 1082.42 781.333
2 42 1113.77 785.314
0 43 713.65 689.763
1 43 740.524 686.776
2 43 767.398 683.791
0 44 761.426 680.805
1 44 788.3 677.819
2 44 815.174 674.833
0 45 746.496 683.791
1 45 773.37 677.819
2 45 800.244 674.833
0 46 1060.02 653.931
1 46 1089.88 653.931
2 46 1122.73 656.917
0 47 748.885 680.805
1 47 773.967 677.221
2 47 802.633 673.638
0 48 759.635 680.805
1 48 788.3 677.221
2 48 813.382 673.638
0 49 1057.04 673.638
1 49 1085.7 673.638
2 49 1117.95 677.221
0 50 713.053 687.971
1 50 741.719 684.388
2 50 766.801 680.805
