39
0 0 1323 412
1 0 1315 404
2 0 1298 379
0 1 1288.8 397.44
1 1 1280.16 390.24
2 1 1261.44 364.32
0 2 1325.38 406.08
1 2 1318.46 397.44
2 2 1301.18 373.248
0 3 1289.09 397.44
1 3 1280.45 390.528
2 3 1263.17 364.608
0 4 1588.03 497.664
1 4 1584.58 489.024
2 4 1569.02 463.104
0 5 1567.3 504.576
1 5 1563.84 497.664
2 5 1548.29 470.016
0 6 1290.82 392.256
1 6 1282.18 383.616
2 6 1263.17 359.424
0 7 1555.2 499.738
1 7 1551.05 491.443
2 7 1534.46 464.486
0 8 1559.35 501.811
1 8 1555.2 493.517
2 8 1540.69 466.56
0 9 1588.38 497.664
1 9 1584.23 489.37
2 9 1569.72 462.413
0 10 1569.72 497.664
1 10 1565.57 489.37
2 10 1551.05 462.413
0 11 1291.85 391.91
1 11 1281.48 383.616
2 11 1264.9 358.733
0 12 1565.57 503.885
1 12 1563.49 495.59
2 12 1546.91 468.634
0 13 1289.78 398.131
1 13 1281.48 391.91
2 13 1262.82 364.954
0 14 1325.03 406.426
1 14 1316.74 398.131
2 14 1300.15 373.248
0 15 1291.44 393.155
1 15 1283.97 383.201
2 15 1264.07 358.318
0 16 1012.75 751.473
1 16 995.328 744.008
2 16 965.468 721.613
0 17 1291.44 398.131
1 17 1281.49 390.666
2 17 1264.07 365.783
0 18 1326.27 403.108
1 18 1318.81 395.643
2 18 1301.39 370.76
0 19 1321.3 410.573
1 19 1313.83 403.108
2 19 1296.42 378.225
0 20 1570.13 497.664
1 20 1567.64 490.199
2 20 1552.71 462.828
0 21 1555.2 497.664
1 21 1552.71 490.199
2 21 1537.78 462.828
0 22 1560.18 487.711
1 22 1555.2 480.246
2 22 1540.27 452.874
0 23 1567.64 492.688
1 23 1564.66 483.73
2 23 1549.73 456.856
0 24 1292.93 391.164
1 24 1283.97 385.192
2 24 1266.06 358.318
0 25 1179.46 395.643
1 25 1164.53 388.178
2 25 1143.63 364.29
0 26 1289.95 400.122
1 26 1280.99 391.164
2 26 1263.07 367.276
0 27 1558.68 489.702
1 27 1555.7 480.744
2 27 1540.77 453.87
0 28 1278 438.94
1 28 1269.04 432.968
2 28 1251.13 409.08
0 29 1594.52 513.589
1 29 1591.53 504.631
2 29 1576.6 477.758
0 30 1558.68 490.896
1 30 1555.1 480.146
2 30 1540.77 455.064
0 31 1293.53 390.567
1 31 1286.36 383.4
2 31 1268.45 358.318
0 32 1178.87 397.733
1 32 1160.95 386.984
2 32 1143.04 361.901
0 33 1289.95 400.122
1 33 1282.78 390.567
2 33 1264.86 365.485
0 34 1014.04 752.468
1 34 994.333 743.51
2 34 967.459 720.22
0 35 1322.19 401.316
1 35 1315.03 394.15
2 35 1297.11 369.068
0 36 1297.11 447.898
1 36 1289.95 440.731
2 36 1272.03 415.649
0 37 1275.61 429.982
1 37 1268.45 422.815
2 37 1250.53 397.733
0 38 1046.29 698.72
1 38 1024.79 687.971
2 38 996.125 662.889
