46
0 0 1025.28 773.28
1 0 1051.2 776.16
2 0 978 700
0 1 938 975
1 1 961 974
2 1 987 973
0 2 695 692
1 2 715.68 689.76
2 2 743 685
0 3 1036.8 693.6
1 3 1062 694.8
2 3 1092 697.2
0 4 930.24 702.72
1 4 955.2 703.2
2 4 982.8 703.2
0 5 854.4 883.2
1 5 876 880.8
2 5 902.4 878.4
0 6 695 692
1 6 715.68 689.76
2 6 742.8 685.2
0 7 1026.43 774.144
1 7 1052.35 775.872
2 7 1081.44 779.04
0 8 930.24 702.72
1 8 954.72 702.72
2 8 982.08 704.16
0 9 923.04 617.76
1 9 947.52 617.76
2 9 976.32 619.2
0 10 858.24 871.2
1 10 879.84 869.76
2 10 905.76 866.88
0 11 858.24 875.52
1 11 881.28 872.64
2 11 907.2 871.2
0 12 1028.16 649.44
1 12 1054.08 650.88
2 12 1084.32 653.76
0 13 696 691.2
1 13 715.68 689.76
2 13 743.04 685.44
0 14 936 980.64
1 14 959.04 979.2
2 14 984.96 977.76
0 15 1027.68 776.356
1 15 1053.39 777.6
2 15 1081.73 779.328
0 16 1026.43 775.526
1 16 950.4 699.84
2 16 978.048 701.568
0 17 1035.07 691.2
1 17 1060.99 692.928
2 17 1090.37 694.656
0 18 929.664 609.984
1 18 953.856 609.984
2 18 983.232 611.712
0 19 734.4 829.44
1 19 755.136 825.984
2 19 781.056 822.528
0 20 857.088 870.912
1 20 879.552 869.184
2 20 905.472 865.728
0 21 850.176 881.28
1 21 872.64 879.552
2 21 898.56 877.824
0 22 1043.02 449.971
1 22 1069.63 452.736
2 22 1100.74 454.464
0 23 1027.2 852
1 23 1052.35 857.088
2 23 1080 858.816
0 24 1026.43 709.171
1 24 1051.32 711.245
2 24 1080.35 713.318
0 25 1027.68 776.356
1 25 1053.39 777.6
2 25 1082.42 779.674
0 26 810.778 895.795
1 26 833.587 891.648
2 26 858.471 889.575
0 27 1032.65 777.6
1 27 1057.54 781.747
2 27 1086.57 783.821
0 28 857.088 870.912
1 28 879.552 869.184
2 28 906.163 864.691
0 29 852.25 958.003
1 29 872.986 955.93
2 29 899.943 953.856
0 30 694.656 692.583
1 30 715.392 690.509
2 30 742.349 686.362
0 31 1043.02 449.971
1 31 1069.98 452.045
2 31 1101.08 454.118
0 32 925.655 699.218
1 32 949.709 700.877
2 32 977.91 701.706
0 33 811.193 893.307
1 33 833.587 890.819
2 33 858.471 888.33
0 34 1030.16 681.8
1 34 1055.05 681.8
2 34 1084.91 684.288
0 35 724.101 689.265
1 35 746.496 681.8
2 35 771.379 681.8
0 36 1030.16 669.358
1 36 1055.05 671.847
2 36 1084.91 674.335
0 37 1027.68 776.356
1 37 1053.39 777.6
2 37 1082.42 781.333
0 38 1027.18 695.734
1 38 1053.46 698.72
2 38 1083.91 698.72
0 39 1033.15 650.945
1 39 1060.02 653.931
2 39 1089.88 653.931
0 40 1027.18 776.356
1 40 1053.39 777.6
2 40 1080.93 782.328
0 41 692.748 692.748
1 41 713.65 689.763
2 41 740.524 686.776
0 42 1031.96 670.055
1 42 1057.04 673.638
2 42 1085.7 673.638
0 43 723.803 684.388
1 43 748.885 680.805
2 43 773.967 677.221
0 44 1028.37 777.55
1 44 1054.05 779.342
2 44 1082.12 781.134
0 45 691.554 691.554
1 45 713.053 687.971
2 45 741.719 684.388
