32
0 0 1319.04 505.44
1 0 1311.84 508.32
2 0 1304.64 501.12
0 1 1194.05 787.968
1 1 1183.68 792
2 1 1172.16 786.24
0 2 1330.56 485.568
1 2 1323.65 487.296
2 2 1315.01 480.384
0 3 1349.57 494.208
1 3 1342.66 495.936
2 3 1335.74 487.296
0 4 1323.65 514.944
1 4 1316.74 516.672
2 4 1308.1 511.488
0 5 692.928 753.408
1 5 672.192 760.32
2 5 653.184 751.68
0 6 692.928 753.408
1 6 671.846 761.011
2 6 653.184 752.717
0 7 1590.45 624.154
1 7 1588.38 628.301
2 7 1586.3 626.227
0 8 1322.96 514.253
1 8 1316.74 516.326
2 8 1308.44 510.106
0 9 1320.88 505.958
1 9 1312.59 508.032
2 9 1306.37 501.811
0 10 1333.32 481.075
1 10 1325.03 483.149
2 10 1318.81 474.854
0 11 1331.25 485.222
1 11 1323.65 487.296
2 11 1314.66 481.075
0 12 1194.39 787.968
1 12 1184.03 792.115
2 12 1173.66 785.895
0 13 1349.91 495.59
1 13 1341.62 497.664
2 13 1335.4 489.37
0 14 1331.25 485.223
1 14 1323.79 487.711
2 14 1316.32 480.246
0 15 1333.32 481.075
1 15 1326.27 482.734
2 15 1318.81 475.269
0 16 1353.65 487.711
1 16 1348.67 490.199
2 16 1341.2 482.734
0 17 691.753 753.961
1 17 668.861 761.426
2 17 651.94 753.961
0 18 1326.27 525.036
1 18 1318.81 527.524
2 18 1311.34 522.547
0 19 1323.79 515.082
1 19 1316.32 517.571
2 19 1308.86 510.106
0 20 656.917 892.809
1 20 636.015 904.753
2 20 615.113 901.767
0 21 1331.75 486.716
1 21 1322.79 489.702
2 21 1316.82 480.744
0 22 1227.24 752.468
1 22 1218.28 755.454
2 22 1206.34 749.482
0 23 687.971 756.051
1 23 670.055 759.635
2 23 650.945 755.454
0 24 1261.28 770.384
1 24 1254.11 773.967
2 24 1243.36 766.801
0 25 1347.28 490.896
1 25 1340.11 494.479
2 25 1332.94 487.313
0 26 1322.19 505.229
1 26 1315.03 505.229
2 26 1307.86 501.645
0 27 1322.19 512.395
1 27 1315.03 515.978
2 27 1307.86 508.812
0 28 1343.69 512.395
1 28 1336.53 515.978
2 28 1329.36 508.812
0 29 1336.53 519.561
1 29 1329.36 523.145
2 29 1322.19 515.978
0 30 656.917 892.809
1 30 637.806 902.962
2 30 616.307 899.379
0 31 689.763 755.454
1 31 668.861 761.426
2 31 648.556 752.468
