29
0 0 999.36 175.68
1 0 1013.76 185.76
2 0 999.36 197.28
0 1 1494.72 145.44
1 1 1535.04 151.2
2 1 1540.8 158.4
0 2 1411.78 622.08
1 2 1432.51 646.272
2 2 1425.6 667.008
0 3 1575.94 588.902
1 3 1602.72 613.44
2 3 1600.13 634.176
0 4 997.817 462.828
1 4 1010.26 477.758
2 4 997.402 493.517
0 5 1575.94 588.902
1 5 1602.89 613.786
2 5 1600.82 634.522
0 6 804.557 895.795
1 6 800.41 922.752
2 6 771.379 951.783
0 7 1422.49 615.859
1 7 1443.23 640.742
2 7 1437.01 661.479
0 8 904.09 87.0912
1 8 916.531 93.312
2 8 902.016 101.606
0 9 898.56 86.4
1 9 910.311 93.312
2 9 895.795 101.606
0 10 1575.94 588.902
1 10 1602.89 613.786
2 10 1602.48 632.033
0 11 903.26 87.0912
1 11 915.702 94.5562
2 11 900.772 102.021
0 12 827.367 893.722
1 12 826.122 920.679
2 12 796.263 950.538
0 13 997.817 462.828
1 13 1010.26 477.758
2 13 995.328 495.176
0 14 995.328 201.554
1 14 1010.26 211.507
2 14 995.328 223.949
0 15 1412.12 622.08
1 15 1433.27 646.963
2 15 1425.81 666.87
0 16 1185.44 842.048
1 16 1191.41 874.894
2 16 1173.49 904.753
0 17 1490.5 335.923
1 17 1517.88 353.342
2 17 1510.91 373.248
0 18 1576.6 588.239
1 18 1603.47 612.127
2 18 1600.49 633.029
0 19 830.104 892.809
1 19 827.118 919.683
2 19 797.258 949.543
0 20 1409.38 612.127
1 20 1430.29 636.015
2 20 1421.33 656.917
0 21 994.333 200.061
1 21 1009.26 212.005
2 21 994.333 223.949
0 22 997.817 462.828
1 22 1009.26 477.758
2 22 994.333 495.673
0 23 1418.34 612.127
1 23 1439.24 636.015
2 23 1433.27 655.722
0 24 1409.38 612.127
1 24 1429.69 634.223
2 24 1422.52 655.722
0 25 1576.6 588.239
1 25 1605.27 609.141
2 25 1601.68 630.64
0 26 1415.36 616.307
1 26 1433.27 644.973
2 26 1426.11 662.889
0 27 1250.53 870.713
1 27 1261.28 906.545
2 27 1243.36 938.794
0 28 1246.95 265.155
1 28 1275.02 271.725
2 28 1275.61 279.488
