29
0 0 289.2 288
1 0 315.6 283.2
2 0 342 278.4
0 1 214.56 747.36
1 1 239.04 743.04
2 1 260.64 738.72
0 2 152.64 262.08
1 2 180 256.32
2 2 204.48 250.56
0 3 153.792 260.928
1 3 179.712 255.744
2 3 205.632 248.832
0 4 238.464 946.944
1 4 262.656 943.488
2 4 285.12 941.76
0 5 210.816 739.584
1 5 235.008 734.4
2 5 255.744 730.944
0 6 756.864 732.672
1 6 782.784 732.672
2 6 806.976 734.4
0 7 178.33 756.864
1 7 201.139 752.717
2 7 221.875 748.57
0 8 223.949 661.893
1 8 250.56 656.64
2 8 277.862 653.184
0 9 284.083 935.194
1 9 308.966 933.12
2 9 331.776 931.047
0 10 277.862 914.458
1 10 302.746 910.311
2 10 325.555 908.237
0 11 153.446 261.274
1 11 180.403 255.053
2 11 205.286 248.832
0 12 899.943 410.573
1 12 928.973 410.573
2 12 958.003 410.573
0 13 495.59 313.114
1 13 522.547 308.966
2 13 549.504 304.819
0 14 283.669 933.12
1 14 308.552 930.632
2 14 330.947 930.632
0 15 281.18 928.144
1 15 306.063 925.655
2 15 328.458 923.167
0 16 221.875 663.552
1 16 248.832 660.096
2 16 276.204 656.917
0 17 758.938 731.566
1 17 785.314 734.552
2 17 808.704 734.055
0 18 176.671 741.52
1 18 199.066 736.543
2 18 221.461 731.566
0 19 749.482 459.842
1 19 779.342 459.842
2 19 806.216 459.842
0 20 755.454 465.814
1 20 785.314 465.814
2 20 812.188 465.814
0 21 904.753 406.094
1 21 934.613 406.094
2 21 961.487 406.094
0 22 185.131 758.44
1 22 206.033 755.454
2 22 229.921 749.482
0 23 236.39 547.431
1 23 258.785 542.454
2 23 277.697 537.477
0 24 222.157 662.889
1 24 250.823 659.305
2 24 279.488 655.722
0 25 745.302 121.828
1 25 773.967 121.828
2 25 806.216 118.245
0 26 748.885 447.898
1 26 777.55 447.898
2 26 806.216 444.315
0 27 498.062 648.556
1 27 519.561 644.973
2 27 541.06 641.39
0 28 283.071 286.655
1 28 311.737 279.488
2 28 336.819 275.905
