16
0 0 73.44 573.12
1 0 57 532
2 0 42 502.8
0 1 705.6 787.68
1 1 709.92 740.16
2 1 711.36 708.48
0 2 746.496 233.28
1 2 737.856 172.8
2 2 732.672 131.328
0 3 1188.17 825.293
1 3 1198.54 769.306
2 3 1207.87 736.128
0 4 348.365 470.293
1 4 335.923 423.014
2 4 325.555 389.837
0 5 850.176 302.746
1 5 843.955 240.538
2 5 841.882 201.139
0 6 705.024 785.895
1 6 709.171 740.275
2 6 711.245 709.171
0 7 348.365 470.293
1 7 335.923 423.014
2 7 323.482 390.666
0 8 500.152 691.753
1 8 497.664 646.963
2 8 492.687 614.615
0 9 395.643 298.598
1 9 378.225 246.344
2 9 368.271 209.019
0 10 1304.88 471.786
1 10 1310.85 409.08
2 10 1319.81 373.248
0 11 346.374 471.786
1 11 333.236 422.815
2 11 322.486 390.567
0 12 641.39 748.885
1 12 641.39 702.304
2 12 637.806 673.638
0 13 641.39 748.885
1 13 641.39 702.304
2 13 644.973 670.055
0 14 1472.69 498.062
1 14 1483.44 433.565
2 14 1497.77 397.733
0 15 1178.87 390.567
1 15 1186.03 329.653
2 15 1189.62 290.238
