21
0 0 1392.77 98.496
1 0 1339.2 91.584
2 0 1275.26 89.856
0 1 1739.75 653.184
1 1 1692.06 630.375
2 1 1631.92 607.565
0 2 605.491 149.299
1 2 559.872 159.667
2 2 505.958 178.33
0 3 1085.18 722.304
1 3 1052.56 719.125
2 3 1016.06 717.466
0 4 1391.39 97.4592
1 4 1337.47 91.2384
2 4 1273.19 89.1648
0 5 928.641 794.272
1 5 904.753 794.272
2 5 870.912 796.263
0 6 1390.97 97.0445
1 6 1336.23 92.0679
2 6 1271.53 89.5795
0 7 1711.96 704.195
1 7 1667.17 681.8
2 7 1607.46 656.917
0 8 1030.16 584.755
1 8 995.328 582.267
2 8 950.538 584.755
0 9 1709.48 696.73
1 9 1664.69 674.335
2 9 1604.97 649.452
0 10 637.01 151.788
1 10 589.732 161.741
2 10 539.966 179.159
0 11 1346.68 833.09
1 11 1313.83 816.169
2 11 1271.53 803.728
0 12 1113.77 618.099
1 12 1080.93 615.113
2 12 1039.12 615.113
0 13 1710.97 704.692
1 13 1663.19 680.805
2 13 1606.46 656.917
0 14 1080.93 725.594
1 14 1051.07 719.622
2 14 1012.25 719.622
0 15 1346.68 833.09
1 15 1313.83 818.16
2 15 1272.03 803.23
0 16 1725.9 618.099
1 16 1678.12 597.197
2 16 1618.4 576.295
0 17 636.015 152.285
1 17 588.239 161.243
2 17 537.477 179.159
0 18 1114.37 616.307
1 18 1078.54 612.724
2 18 1039.12 612.724
0 19 1372.36 827.715
1 19 1340.11 813.382
2 19 1297.11 799.05
0 20 1347.28 831.298
1 20 1315.03 816.965
2 20 1272.03 802.633
