31
0 0 384.48 593.28
1 0 408 496.8
2 0 412.8 412.8
0 1 326.592 756.864
1 1 354.24 656.64
2 1 360 578.88
0 2 385.344 596.16
1 2 407.808 497.664
2 2 413.28 416.16
0 3 385.344 596.16
1 3 410.573 499.738
2 3 412.992 416.448
0 4 604.8 908.928
1 4 634.176 806.976
2 4 646.272 729.216
0 5 385.69 599.685
1 5 410.573 499.738
2 5 412.646 416.794
0 6 1242.09 781.747
1 6 1273.19 684.288
2 6 1289.78 603.418
0 7 605.491 908.237
1 7 632.448 806.63
2 7 644.89 725.76
0 8 1117.67 794.189
1 8 1146.7 698.803
2 8 1161.22 615.859
0 9 325.97 756.449
1 9 352.512 657.331
2 9 358.318 579.779
0 10 601.975 906.545
1 10 634.522 806.216
2 10 644.475 726.59
0 11 465.814 970.445
1 11 495.176 865.936
2 11 507.617 788.798
0 12 385.69 599.685
1 12 409.08 498.659
2 12 413.061 415.55
0 13 1241.67 781.333
1 13 1274.02 684.288
2 13 1288.95 602.174
0 14 1132.19 781.333
1 14 1162.05 684.288
2 14 1176.98 604.662
0 15 1395.95 818.657
1 15 1433.27 719.125
2 15 1450.69 637.01
0 16 604.662 910.725
1 16 633.029 809.202
2 16 644.973 731.566
0 17 385.192 600.183
1 17 409.08 498.659
2 17 415.052 418.038
0 18 1394.45 818.16
1 18 1430.29 719.622
2 18 1451.19 636.015
0 19 1092.87 727.386
1 19 1122.73 633.029
2 19 1137.66 549.421
0 20 465.814 970.445
1 20 495.673 868.922
2 20 507.617 788.3
0 21 716.636 548.227
1 21 741.719 451.481
2 21 748.885 365.485
0 22 604.662 910.725
1 22 633.029 809.202
2 22 644.973 730.969
0 23 308.154 802.633
1 23 336.819 702.304
2 23 343.985 623.474
0 24 386.984 598.391
1 24 409.08 498.659
2 24 415.649 419.232
0 25 304.57 809.799
1 25 333.236 709.47
2 25 340.402 630.64
0 26 322.486 759.635
1 26 351.152 659.305
2 26 358.318 580.475
0 27 1117.95 709.47
1 27 1146.62 612.724
2 27 1164.53 530.311
0 28 1125.12 713.053
1 28 1157.37 616.307
2 28 1171.7 533.894
0 29 1397.44 813.382
1 29 1433.27 716.636
2 29 1451.19 634.223
0 30 1408.19 870.713
1 30 1440.44 773.967
2 30 1458.35 691.554
