35
0 0 658.368 236.736
1 0 691.2 273.024
2 0 732.672 302.4
0 1 428.544 794.88
1 1 456.192 829.44
2 1 495.59 862.618
0 2 1137.16 841.052
1 2 1169.86 888.192
2 2 1217.2 926.899
0 3 549.504 201.139
1 3 578.534 234.317
2 3 620.006 263.347
0 4 576.461 702.951
1 4 603.418 738.202
2 4 642.816 769.306
0 5 667.699 642.816
1 5 705.024 680.141
2 5 754.791 717.466
0 6 580.608 501.811
1 6 605.491 532.915
2 6 640.742 559.872
0 7 85.0176 512.179
1 7 109.901 541.21
2 7 149.299 566.093
0 8 120.269 516.326
1 8 145.152 545.357
2 8 184.55 570.24
0 9 659.405 238.464
1 9 690.509 273.715
2 9 731.981 302.746
0 10 661.893 908.237
1 10 691.753 948.05
2 10 736.543 985.375
0 11 570.24 694.656
1 11 594.709 729.078
2 11 634.522 758.938
0 12 667.699 642.816
1 12 705.024 680.141
2 12 753.961 716.636
0 13 457.851 154.276
1 13 487.711 186.624
2 13 530.012 216.484
0 14 1206.84 490.199
1 14 1249.14 532.501
2 14 1301.39 569.825
0 15 365.783 646.963
1 15 393.155 679.312
2 15 432.968 706.683
0 16 345.877 793.774
1 16 373.248 828.611
2 16 413.061 858.471
0 17 423.014 796.263
1 17 452.045 831.514
2 17 490.199 863.447
0 18 579.779 500.152
1 18 603.169 531.505
2 18 639.498 559.872
0 19 659.405 238.879
1 19 691.753 273.715
2 19 734.055 303.575
0 20 662.889 888.629
1 20 695.137 928.044
2 20 740.524 970.445
0 21 456.856 155.271
1 21 489.702 188.117
2 21 531.505 214.991
0 22 576.295 701.706
1 22 603.169 737.538
2 22 641.987 767.398
0 23 1206.34 489.702
1 23 1248.14 534.491
2 23 1301.89 570.323
0 24 667.699 642.816
1 24 706.683 681.8
2 24 755.454 719.622
0 25 424.01 797.258
1 25 452.874 831.099
2 25 492.688 862.95
0 26 579.779 500.152
1 26 603.169 531.505
2 26 639.001 558.379
0 27 669.358 644.475
1 27 705.887 680.805
2 27 756.051 716.636
0 28 361.901 641.39
1 28 386.984 673.638
2 28 426.399 702.304
0 29 343.985 791.883
1 29 372.651 827.715
2 29 412.066 856.38
0 30 576.892 698.72
1 30 605.558 734.552
2 30 644.973 763.218
0 31 340.402 634.223
1 31 365.485 666.472
2 31 404.9 695.137
0 32 465.814 157.66
1 32 494.479 189.909
2 32 537.477 218.574
0 33 458.647 154.077
1 33 483.73 186.325
2 33 530.311 214.991
0 34 849.214 634.223
1 34 874.296 670.055
2 34 910.128 702.304
