30
0 0 1220.4 258
1 0 1216.8 216
2 0 1202.4 198
0 1 1221.7 252.288
1 1 1216.51 209.088
2 1 1204.42 193.536
0 2 1221.7 259.2
1 2 1216.51 216
2 2 1202.69 198.72
0 3 1206.14 881.28
1 3 1214.78 843.264
2 3 1213.06 832.896
0 4 1233.79 311.04
1 4 1228.61 267.84
2 4 1216.51 250.56
0 5 1221.35 252.979
1 5 1217.2 209.434
2 5 1204.76 192.845
0 6 1221.35 259.2
1 6 1217.2 215.654
2 6 1202.69 199.066
0 7 1260.75 267.494
1 7 1256.6 223.949
2 7 1244.16 205.286
0 8 1256.6 271.642
1 8 1252.45 230.17
2 8 1240.01 211.507
0 9 1513.73 358.733
1 9 1513.73 311.04
2 9 1501.29 290.304
0 10 1503.36 354.586
1 10 1501.29 306.893
2 10 1488.84 286.157
0 11 1221.77 258.785
1 11 1216.79 216.484
2 11 1204.35 199.066
0 12 1547.74 358.318
1 12 1547.74 308.552
2 12 1535.29 286.157
0 13 1517.88 345.877
1 13 1517.88 298.598
2 13 1505.43 276.204
0 14 1211.81 306.063
1 14 1209.32 261.274
2 14 1196.88 246.344
0 15 1224.25 251.32
1 15 1219.28 209.019
2 15 1206.84 191.601
0 16 1516.88 346.374
1 16 1516.88 298.598
2 16 1501.95 277.697
0 17 1221.27 259.781
1 17 1216.79 216.484
2 17 1203.35 200.061
0 18 1260.09 265.753
1 18 1254.11 220.963
2 18 1242.17 203.047
0 19 1206.34 883.852
1 19 1215.3 848.02
2 19 1215.3 836.076
0 20 1507.92 343.388
1 20 1507.92 295.612
2 20 1492.99 274.711
0 21 1209.32 304.57
1 21 1206.34 262.767
2 21 1194.39 247.837
0 22 1501.95 352.346
1 22 1501.95 304.57
2 22 1490.01 283.669
0 23 1254.11 272.322
1 23 1250.53 229.324
2 23 1236.2 214.991
0 24 1540.77 351.152
1 24 1537.19 304.57
2 24 1526.44 283.071
0 25 1225.45 250.823
1 25 1218.28 207.825
2 25 1207.53 193.492
0 26 1221.86 261.572
1 26 1218.28 218.574
2 26 1203.95 200.658
0 27 938.794 576.892
1 27 935.21 541.06
2 27 924.461 533.894
0 28 967.459 655.722
1 28 963.876 619.89
2 28 956.71 612.724
0 29 1601.68 437.148
1 29 1601.68 386.984
2 29 1590.93 365.485
