40
0 0 1639 958
1 0 1618 943
2 0 1607 926
0 1 1880.4 932.4
1 1 1855.2 913.2
2 1 1842 891.6
0 2 1836 774.72
1 2 1808.64 757.44
2 2 1794.24 738.72
0 3 1142.21 630.72
1 3 1121.47 627.264
2 3 1107.65 622.08
0 4 1124.93 604.8
1 4 1102.46 601.344
2 4 1088.64 597.888
0 5 1451.52 872.64
1 5 1430.78 862.272
2 5 1418.69 848.448
0 6 752.717 145.152
1 6 725.76 149.299
2 6 700.877 155.52
0 7 723.687 147.226
1 7 694.656 151.373
2 7 669.773 157.594
0 8 1015.23 609.639
1 8 992.84 609.639
2 8 976.666 607.565
0 9 1177.8 734.055
1 9 1157.07 729.907
2 9 1142.55 723.687
0 10 752.717 151.373
1 10 725.76 155.52
2 10 700.877 161.741
0 11 1043.02 802.483
1 11 1024.36 800.41
2 11 1013.99 796.263
0 12 752.717 151.373
1 12 724.101 156.764
2 12 699.218 161.741
0 13 1144.63 629.545
1 13 1124.72 627.057
2 13 1109.79 622.08
0 14 1012.75 694.241
1 14 992.84 691.753
2 14 977.91 689.265
0 15 1124.72 602.174
1 15 1102.33 599.685
2 15 1087.4 594.709
0 16 1012.75 597.197
1 16 990.352 597.197
2 16 975.422 594.709
0 17 1525.34 124.416
1 17 1490.5 119.439
2 17 1463.13 109.486
0 18 938.097 141.834
1 18 908.237 144.323
2 18 883.354 146.811
0 19 1490.5 863.447
1 19 1470.6 853.494
2 19 1458.16 838.564
0 20 1007.77 808.704
1 20 990.352 806.216
2 20 977.91 803.728
0 21 722.608 146.313
1 21 694.241 151.788
2 21 669.358 156.764
0 22 751.473 144.323
1 22 724.101 149.299
2 22 699.218 154.276
0 23 1473.09 231.414
1 23 1440.74 226.437
2 23 1415.85 216.484
0 24 1012.25 677.819
1 24 991.347 674.833
2 24 976.417 671.847
0 25 1012.25 695.734
1 25 991.347 692.748
2 25 979.403 689.763
0 26 1030.16 728.58
1 26 1009.26 725.594
2 26 997.319 722.608
0 27 1060.02 728.58
1 27 1039.12 725.594
2 27 1027.18 722.608
0 28 1487.02 874.894
1 28 1466.12 862.95
2 28 1454.17 848.02
0 29 722.608 146.313
1 29 695.734 149.299
2 29 668.861 155.271
0 30 1014.04 677.221
1 30 992.541 673.638
2 30 978.209 670.055
0 31 1436.86 881.463
1 31 1415.36 870.713
2 31 1404.61 856.38
0 32 1014.04 695.137
1 32 992.541 691.554
2 32 978.209 687.971
0 33 1522.85 125.411
1 33 1490.6 118.245
2 33 1461.94 111.079
0 34 1042.71 806.216
1 34 1024.79 802.633
2 34 1014.04 799.05
0 35 1057.04 727.386
1 35 1035.54 723.803
2 35 1024.79 720.22
0 36 1451.19 874.296
1 36 1429.69 863.547
2 36 1418.94 849.214
0 37 1429.69 455.064
1 37 1401.02 447.898
2 37 1383.11 437.148
0 38 1193.2 953.126
1 38 1175.28 945.96
2 38 1168.12 938.794
0 39 748.885 150.494
1 39 723.803 157.66
2 39 698.72 161.243
