15
0 0 1165.2 320.4
1 0 1198.8 362.4
2 0 1232.4 403.2
0 1 1150.85 317.261
1 1 1184.03 356.659
2 1 1217.2 398.131
0 2 1339.55 406.426
1 2 1381.02 452.045
2 2 1420.42 497.664
0 3 298.598 806.216
1 3 313.528 853.494
2 3 320.993 903.26
0 4 1149.6 316.017
1 4 1184.44 355.83
2 4 1216.79 398.131
0 5 602.174 686.776
1 5 624.568 731.566
2 5 639.498 776.356
0 6 674.335 410.573
1 6 699.218 452.874
2 6 719.125 490.199
0 7 298.598 806.216
1 7 313.528 853.494
2 7 322.486 904.753
0 8 1060.02 591.225
1 8 1089.88 636.015
2 8 1116.76 680.805
0 9 603.169 689.763
1 9 624.071 731.566
2 9 639.001 776.356
0 10 674.335 410.573
1 10 699.218 452.874
2 10 719.622 492.688
0 11 1149.6 316.514
1 11 1186.03 358.318
2 11 1218.28 397.733
0 12 1161.55 319.5
1 12 1196.78 361.901
2 12 1229.03 401.316
0 13 498.062 616.307
1 13 519.561 655.722
2 13 533.894 695.137
0 14 1340.11 408.483
1 14 1379.53 455.064
2 14 1418.94 498.062
