12
0 0 788 700
1 0 882 771.6
2 0 878.4 768.96
0 1 886.8 772.8
1 1 784 703
2 1 877.824 768.96
0 2 787.968 701.568
1 2 783.36 701.28
2 2 879.207 771.379
0 3 788.3 702.304
1 3 783.821 704.195
2 3 783.821 701.706
0 4 886.837 776.356
1 4 783.821 704.195
2 4 880.865 771.379
0 5 558.379 725.594
1 5 557.384 724.101
2 5 559.872 721.613
0 6 788.3 704.692
1 6 883.852 776.356
2 6 880.866 773.37
0 7 558.379 725.594
1 7 555.393 725.594
2 7 558.379 722.608
0 8 707.678 683.791
1 8 704.692 683.791
2 8 704.692 680.805
0 9 232.907 809.799
1 9 229.324 809.799
2 9 232.907 806.216
0 10 558.976 723.803
1 10 555.393 723.803
2 10 558.976 720.22
0 11 788.3 702.304
1 11 784.717 705.887
2 11 784.717 702.304
