21
0 0 1212.48 699.84
1 0 1183.68 669.6
2 0 1180.8 650.88
0 1 753.408 117.504
1 1 732.672 122.688
2 1 749.952 129.6
0 2 709.171 686.362
1 2 701.568 679.104
2 2 717.12 665.28
0 3 789.696 122.688
1 3 768.96 126.144
2 3 784.512 131.328
0 4 749.952 112.32
1 4 730.944 117.504
2 4 748.224 124.416
0 5 1147.39 865.728
1 5 1131.84 832.896
2 5 1138.75 808.704
0 6 775.872 165.888
1 6 756.864 167.616
2 6 774.144 172.8
0 7 1760.49 209.434
1 7 1689.98 174.182
2 7 1660.95 161.741
0 8 787.968 122.342
1 8 766.403 124.416
2 8 781.747 130.637
0 9 1210.98 698.803
1 9 1184.44 666.87
2 9 1179.88 649.037
0 10 751.473 106.998
1 10 731.566 111.974
2 10 748.984 119.439
0 11 1759.24 209.019
1 11 1689.57 174.182
2 11 1657.22 159.253
0 12 976.417 913.711
1 12 985.375 883.354
2 12 1007.77 860.959
0 13 755.454 119.439
1 13 734.055 121.928
2 13 753.961 129.393
0 14 788.798 121.928
1 14 766.403 124.416
2 14 781.333 131.881
0 15 1212.31 731.566
1 15 1186.93 701.706
2 15 1184.44 679.312
0 16 1137.66 845.034
1 16 1119.74 812.188
2 16 1125.72 788.3
0 17 785.314 122.425
1 17 764.412 125.411
2 17 782.328 131.383
0 18 1212.31 731.566
1 18 1185.44 701.706
2 18 1182.45 680.805
0 19 1064.2 913.711
1 19 1057.04 881.463
2 19 1064.2 856.38
0 20 784.717 121.828
1 20 763.218 125.411
2 20 781.134 132.578
