41
0 0 1582.56 599.04
1 0 1548 596.16
2 0 1532.16 591.84
0 1 1602.72 578.88
1 1 1566.72 576
2 1 1550.88 571.68
0 2 1209.6 767.52
1 2 1186.56 764.64
2 2 1179.36 763.2
0 3 1352.16 931.68
1 3 1329.12 925.92
2 3 1321.92 921.6
0 4 1441.44 48.96
1 4 1404 56.16
2 4 1380.96 56.16
0 5 1204.42 758.592
1 5 1180.22 756.864
2 5 1173.31 755.136
0 6 1603.58 533.952
1 6 1567.3 532.224
2 6 1550.02 528.768
0 7 1351.3 931.392
1 7 1328.83 926.208
2 7 1321.92 921.024
0 8 947.635 653.184
1 8 926.899 655.258
2 8 922.752 659.405
0 9 1412.12 609.638
1 9 1381.02 607.565
2 9 1368.58 605.491
0 10 1192.32 779.674
1 10 1171.58 777.6
2 10 1163.29 775.526
0 11 1505.43 93.312
1 11 1466.04 99.5328
2 11 1443.23 99.5328
0 12 435.456 315.187
1 12 423.014 321.408
2 12 418.867 333.85
0 13 1045.09 151.373
1 13 1018.14 157.594
2 13 1003.62 163.814
0 14 1749.29 423.014
1 14 1704.5 423.014
2 14 1683.76 418.867
0 15 851.904 858.816
1 15 838.08 862.272
2 15 839.808 868.839
0 16 1179.46 776.356
1 16 1157.07 773.868
2 16 1149.6 773.868
0 17 1040.12 151.788
1 17 1017.72 159.253
2 17 1000.3 164.229
0 18 1737.84 695.734
1 18 1702.01 689.265
2 18 1684.59 684.288
0 19 1587.55 637.01
1 19 1552.71 632.033
2 19 1537.78 629.545
0 20 1505.43 106.998
1 20 1465.62 111.974
2 20 1443.23 111.974
0 21 435.456 320.993
1 21 423.014 325.97
2 21 418.038 338.412
0 22 852.25 858.471
1 22 839.808 862.618
2 22 841.052 868.424
0 23 1749.29 423.014
1 23 1704.5 423.014
2 23 1684.59 418.038
0 24 1504.94 92.5655
1 24 1466.12 98.5375
2 24 1445.22 98.5375
0 25 1042.11 152.285
1 25 1015.23 158.257
2 25 1000.3 164.229
0 26 1349.67 934.613
1 26 1325.78 928.641
2 26 1319.81 925.655
0 27 945.96 648.556
1 27 928.044 648.556
2 27 922.669 656.917
0 28 1585.56 639.001
1 28 1552.71 633.029
2 28 1537.78 630.043
0 29 1749.29 423.014
1 29 1704.5 423.014
2 29 1684.1 418.038
0 30 1031.96 161.243
1 30 1006.28 167.215
2 30 991.347 173.187
0 31 852.25 858.471
1 31 839.062 865.936
2 31 839.062 868.922
0 32 1737.84 691.554
1 32 1698.43 687.971
2 32 1684.1 680.805
0 33 1361.61 942.377
1 33 1340.11 938.794
2 33 1332.94 931.627
0 34 1178.87 777.55
1 34 1157.37 773.967
2 34 1150.2 773.967
0 35 1587.35 637.806
1 35 1555.1 634.223
2 35 1537.19 627.057
0 36 856.38 863.547
1 36 842.048 867.13
2 36 842.048 870.713
0 37 1618.4 137.355
1 37 1576.6 143.327
2 37 1555.1 139.744
0 38 942.377 666.472
1 38 924.461 670.055
2 38 917.295 673.638
0 39 935.21 745.302
1 39 917.295 745.302
2 39 913.711 745.302
0 40 1749.29 423.014
1 40 1705.59 419.232
2 40 1684.1 415.649
