119
0 0 867 642
1 0 864 641
2 0 861 641
0 1 868 637
1 1 865 638
2 1 862 637
0 2 880 635
1 2 877 636
2 2 874 636
0 3 869 664
1 3 865 664
2 3 863 664
0 4 575 896
1 4 572 897
2 4 570 896
0 5 872 770
1 5 868 771
2 5 865 770
0 6 581 798
1 6 578 799
2 6 576 799
0 7 676 930
1 7 673 930
2 7 671 930
0 8 678 929
1 8 675 930
2 8 673 929
0 9 722 904
1 9 719 905
2 9 717 904
0 10 868 438
1 10 865 439
2 10 862 439
0 11 675.6 925.2
1 11 673.2 926.4
2 11 670.8 925.2
0 12 867.6 640.8
1 12 864 640.8
2 12 861.6 640.8
0 13 796.8 981.6
1 13 794.4 982.8
2 13 790.8 981.6
0 14 880.8 690
1 14 877.2 691.2
2 14 874.8 691.2
0 15 672 926.4
1 15 669.6 927.6
2 15 667.2 926.4
0 16 801.6 1005.6
1 16 798 1006.8
2 16 795.6 1005.6
0 17 673.2 931.2
1 17 670.8 932.4
2 17 668.4 931.2
0 18 702 681.6
1 18 698.4 682.8
2 18 696 682.8
0 19 796.8 999.6
1 19 793.2 1000.8
2 19 790.8 999.6
0 20 714 910.8
1 20 710.4 910.8
2 20 708 910.8
0 21 721.2 908.4
1 21 718.8 908.4
2 21 716.4 907.2
0 22 576 717.6
1 22 573.6 717.6
2 22 571.2 717.6
0 23 868.32 439.2
1 23 865.2 439.2
2 23 861.6 439.2
0 24 871.2 770.4
1 24 868.32 771.84
2 24 865.44 771.84
0 25 869.76 708.48
1 25 865.44 709.92
2 25 862.56 708.48
0 26 781.92 707.04
1 26 779.04 707.04
2 26 776.16 707.04
0 27 800.64 1005.12
1 27 797.76 1006.56
2 27 794.88 1005.12
0 28 660.96 933.12
1 28 659.52 933.12
2 28 656.64 933.12
0 29 796.32 982.08
1 29 793.44 982.08
2 29 790.56 982.08
0 30 720 901.44
1 30 717.12 901.44
2 30 714.24 900
0 31 721.44 904.32
1 31 718.56 904.32
2 31 715.68 904.32
0 32 713.664 910.656
1 32 710.208 912.384
2 32 707.04 911.52
0 33 596.16 912.96
1 33 593.28 914.4
2 33 590.4 912.96
0 34 1154.88 921.6
1 34 1152 923.04
2 34 1149.12 921.6
0 35 554.4 722.88
1 35 551.52 724.32
2 35 548.64 724.32
0 36 868.32 439.2
1 36 865.44 439.2
2 36 862.56 439.2
0 37 777.6 642.24
1 37 774.72 643.68
2 37 771.84 642.24
0 38 224.64 810.72
1 38 222.912 812.16
2 38 220.32 810.72
0 39 870.912 687.744
1 39 867.456 689.472
2 39 864 689.472
0 40 1157.07 933.12
1 40 1154.3 933.12
2 40 1150.85 931.392
0 41 881.28 689.472
1 41 876.096 689.472
2 41 874.368 689.472
0 42 775.872 703.296
1 42 869.184 772.416
2 42 768.96 701.568
0 43 781.92 707.04
1 43 878.377 778.844
2 43 775.872 706.752
0 44 1157.07 920.679
1 44 1152.92 920.679
2 44 1150.85 921.024
0 45 577.152 717.12
1 45 573.696 717.12
2 45 571.968 717.12
0 46 872.64 772.416
1 46 868.32 771.84
2 46 865.728 772.416
0 47 582.336 796.608
1 47 578.88 798.336
2 47 577.152 798.336
0 48 660.096 933.12
1 48 658.368 933.12
2 48 654.912 933.12
0 49 596.16 711.936
1 49 592.704 711.936
2 49 590.976 711.936
0 50 224.64 810.432
1 50 223.2 809.28
2 50 221.184 810.432
0 51 796.608 1007.42
1 51 793.152 1007.42
2 51 789.696 1005.7
0 52 596.16 912.384
1 52 592.704 914.112
2 52 590.976 912.384
0 53 552.96 724.032
1 53 551.232 724.032
2 53 547.776 724.032
0 54 713.664 910.656
1 54 710.208 912.384
2 54 708.48 910.656
0 55 777.6 640.742
1 55 773.453 640.742
2 55 770.688 641.088
0 56 796.608 981.504
1 56 793.152 983.232
2 56 791.424 981.504
0 57 570.24 835.661
1 57 568.167 835.661
2 57 566.093 835.661
0 58 798.336 1001.55
1 58 794.189 1001.55
2 58 792.115 1001.55
0 59 582.682 798.336
1 59 578.534 798.336
2 59 576.461 798.336
0 60 881.28 777.6
1 60 877.133 779.674
2 60 875.059 777.6
0 61 872.986 773.453
1 61 868.424 773.868
2 61 866.765 773.453
0 62 553.651 723.687
1 62 549.504 723.687
2 62 547.43 723.687
0 63 576.461 717.466
1 63 574.387 717.466
2 63 572.314 717.466
0 64 700.877 682.214
1 64 696.73 684.288
2 64 694.656 684.288
0 65 781.747 707.098
1 65 777.6 708.48
2 65 775.526 707.098
0 66 719.539 899.943
1 66 717.466 899.943
2 66 713.318 899.943
0 67 870.912 690.509
1 67 866.765 690.509
2 67 864.691 690.509
0 68 796.263 1007.77
1 68 794.189 1007.77
2 68 790.042 1005.7
0 69 868.839 636.595
1 69 864.691 636.595
2 69 862.618 636.595
0 70 777.6 640.742
1 70 773.453 640.742
2 70 771.379 640.742
0 71 713.318 910.311
1 71 709.171 912.384
2 71 707.098 910.311
0 72 226.437 808.704
1 72 223.949 808.704
2 72 221.875 808.704
0 73 545.357 808.704
1 73 543.283 808.704
2 73 541.21 808.704
0 74 798.751 1000.3
1 74 794.189 1001.55
2 74 791.286 1000.3
0 75 699.218 684.288
1 75 696.73 684.288
2 75 694.241 684.288
0 76 775.872 703.296
1 76 868.839 773.453
2 76 768.891 704.195
0 77 781.747 707.098
1 77 778.844 706.683
2 77 776.356 706.683
0 78 674.335 925.655
1 78 671.847 925.655
2 78 669.358 925.655
0 79 584.755 851.006
1 79 582.267 851.006
2 79 579.779 851.006
0 80 594.709 711.66
1 80 592.22 711.66
2 80 589.732 711.66
0 81 880.865 714.148
1 81 875.889 714.148
2 81 873.401 714.148
0 82 577.29 719.125
1 82 574.802 716.636
2 82 572.314 716.636
0 83 592.22 863.447
1 83 589.732 863.447
2 83 587.244 863.447
0 84 552.407 724.101
1 84 549.919 724.101
2 84 547.431 724.101
0 85 872.986 773.453
1 85 868.424 773.868
2 85 865.936 773.868
0 86 881.28 777.6
1 86 878.377 778.844
2 86 875.889 778.844
0 87 582.267 796.263
1 87 579.779 798.751
2 87 577.29 796.263
0 88 612.127 880.865
1 88 609.639 880.865
2 88 607.15 880.865
0 89 226.437 808.704
1 89 223.949 808.704
2 89 221.461 808.704
0 90 627.057 895.795
1 90 624.568 895.795
2 90 622.08 895.795
0 91 676.823 950.538
1 91 674.335 950.538
2 91 671.847 950.538
0 92 777.6 640.742
1 92 773.453 640.742
2 92 771.379 639.498
0 93 569.825 836.076
1 93 567.337 836.076
2 93 564.849 836.076
0 94 582.267 851.006
1 94 579.281 851.006
2 94 576.295 851.006
0 95 594.211 713.65
1 95 591.225 713.65
2 95 588.239 713.65
0 96 877.88 710.664
1 96 874.894 710.664
2 96 871.908 710.664
0 97 776.356 704.692
1 97 773.37 704.692
2 97 770.384 704.692
0 98 552.407 725.594
1 98 549.421 725.594
2 98 546.435 725.594
0 99 698.72 683.791
1 99 695.734 683.791
2 99 692.748 683.791
0 100 871.908 668.861
1 100 868.922 668.861
2 100 865.936 668.861
0 101 871.908 773.37
1 101 868.922 776.356
2 101 865.936 773.37
0 102 880.865 778.844
1 102 878.377 778.844
2 102 874.894 779.342
0 103 877.88 650.945
1 103 874.894 650.945
2 103 871.908 650.945
0 104 868.922 641.987
1 104 865.936 641.987
2 104 862.95 641.987
0 105 877.88 633.029
1 105 874.894 633.029
2 105 871.908 633.029
0 106 871.908 633.029
1 106 868.424 634.522
2 106 865.936 633.029
0 107 591.225 865.936
1 107 588.239 865.936
2 107 585.253 865.936
0 108 226.935 809.202
1 108 223.949 809.202
2 108 220.963 809.202
0 109 567.337 836.076
1 109 564.351 836.076
2 109 561.365 836.076
0 110 674.833 925.655
1 110 671.847 925.655
2 110 668.861 925.655
0 111 555.393 821.146
1 111 552.407 821.146
2 111 549.421 821.146
0 112 623.474 895.795
1 112 619.89 895.795
2 112 616.307 895.795
0 113 226.935 809.202
1 113 223.949 809.202
2 113 222.157 806.216
0 114 874.296 773.967
1 114 870.713 773.967
2 114 867.13 773.967
0 115 870.713 641.39
1 115 867.13 641.39
2 115 863.547 641.39
0 116 870.713 677.221
1 116 867.13 677.221
2 116 863.547 677.221
0 117 698.72 684.388
1 117 695.137 684.388
2 117 691.554 684.388
0 118 566.143 834.881
1 118 562.56 834.881
2 118 562.56 834.881
