30
0 0 1194 747.6
1 0 1183.2 788.4
2 0 1192.8 824.4
0 1 1790.21 112.32
1 1 1798.85 133.056
2 1 1840.32 143.424
0 2 1387.58 540.864
1 2 1384.13 571.968
2 2 1404.86 597.888
0 3 841.882 792.115
1 3 820.8 829.44
2 3 819.072 864
0 4 1533.6 512.64
1 4 1536.19 540.864
2 4 1560.38 566.784
0 5 1001.55 400.205
1 5 991.181 423.014
2 5 1002.24 444.096
0 6 1387.58 540.864
1 6 1385.17 570.24
2 6 1405.9 597.197
0 7 1395.53 537.062
1 7 1393.46 566.093
2 7 1414.2 593.05
0 8 1748.05 107.827
1 8 1754.27 126.49
2 8 1795.74 136.858
0 9 1532.74 513.216
1 9 1536.19 540.864
2 9 1561.42 568.167
0 10 1383.51 532.501
1 10 1381.02 562.36
2 10 1400.92 589.732
0 11 846.029 880.865
1 11 821.146 925.655
2 11 816.169 967.957
0 12 1395.53 537.062
1 12 1393.46 567.337
2 12 1415.85 592.22
0 13 1387.24 541.21
1 13 1385.99 569.825
2 13 1405.9 597.197
0 14 1744.31 92.0679
1 14 1751.78 111.974
2 14 1791.59 121.928
0 15 1702.43 622.08
1 15 1709.48 656.917
2 15 1739.34 689.265
0 16 1460.16 267.84
1 16 1457.74 294.451
2 16 1480.55 316.017
0 17 1212.31 223.949
1 17 1212.31 241.865
2 17 1234.21 256.297
0 18 1382.51 534.491
1 18 1379.53 564.351
2 18 1400.43 591.225
0 19 1740.83 101.523
1 19 1746.8 122.425
2 19 1788.6 131.383
0 20 1743.82 92.5655
1 20 1749.79 110.481
2 20 1788.6 122.425
0 21 846.029 880.865
1 21 821.146 925.655
2 21 815.174 967.459
0 22 1702.01 621.085
1 22 1707.98 656.917
2 22 1737.84 689.763
0 23 1388.48 537.477
1 23 1386.69 566.143
2 23 1406.4 594.211
0 24 865.936 785.314
1 24 845.034 824.132
2 24 842.048 859.964
0 25 849.214 877.88
1 25 824.132 924.461
2 25 816.965 963.876
0 26 1702.01 619.89
1 26 1707.98 656.917
2 26 1737.84 687.971
0 27 1537.19 508.812
1 27 1537.19 537.477
2 27 1562.27 566.143
0 28 1214.7 218.574
1 28 1212.31 241.865
2 28 1236.2 250.823
0 29 992.541 154.077
1 29 981.792 175.576
2 29 992.541 193.492
