32
0 0 1380.96 407.52
1 0 1378.8 388.8
2 0 1395.6 379.2
0 1 1468.8 112.8
1 1 1466.4 85.2
2 1 1485.6 60
0 2 1473.98 133.056
1 2 1472.26 103.68
2 2 1491.26 79.488
0 3 1384.13 407.808
1 3 1378.94 389.837
2 3 1396.22 378.432
0 4 1384.13 407.808
1 4 1378.94 389.837
2 4 1395.53 379.469
0 5 1322.96 723.687
1 5 1320.88 709.171
2 5 1339.55 702.951
0 6 1316.74 721.613
1 6 1314.66 707.098
2 6 1333.32 702.951
0 7 1507.92 679.312
1 7 1507.51 663.552
2 7 1530.32 655.258
0 8 1383.51 408.085
1 8 1378.53 390.666
2 8 1395.95 380.713
0 9 1704.5 853.494
1 9 1709.48 838.564
2 9 1739.34 833.587
0 10 1323.79 724.101
1 10 1321.3 709.171
2 10 1341.2 704.195
0 11 1316.32 721.613
1 11 1314.66 707.098
2 11 1333.74 701.706
0 12 1507.92 679.312
1 12 1507.51 663.552
2 12 1530.32 654.428
0 13 310.542 970.445
1 13 301.584 967.459
2 13 313.528 972.933
0 14 1316.82 719.622
1 14 1316.32 704.195
2 14 1334.74 698.72
0 15 1704.5 853.494
1 15 1709.48 838.564
2 15 1737.84 836.076
0 16 1383.09 408.499
1 16 1378.53 390.666
2 16 1394.45 382.206
0 17 1507.92 677.819
1 17 1507.51 663.552
2 17 1531.81 650.945
0 18 1316.32 721.613
1 18 1313.83 707.678
2 18 1331.75 704.692
0 19 1323.79 724.101
1 19 1321.3 709.171
2 19 1340.71 704.692
0 20 1702.01 853.992
1 20 1709.18 838.465
2 20 1737.84 834.881
0 21 1383.11 408.483
1 21 1379.53 390.567
2 21 1397.44 383.4
0 22 1318.61 716.636
1 22 1318.61 698.72
2 22 1336.53 695.137
0 23 1508.52 677.221
1 23 1508.52 659.305
2 23 1530.02 652.139
0 24 795.466 261.572
1 24 781.134 247.24
2 24 784.717 240.073
0 25 1325.78 723.803
1 25 1322.19 709.47
2 25 1343.69 702.304
0 26 842.048 551.81
1 26 831.298 537.477
2 26 842.048 533.894
0 27 827.715 562.56
1 27 816.965 551.81
2 27 827.715 548.227
0 28 1307.86 716.636
1 28 1304.28 702.304
2 28 1322.19 698.72
0 29 1182.45 272.322
1 29 1175.28 250.823
2 29 1189.62 232.907
0 30 1676.93 852.797
1 30 1680.51 842.048
2 30 1709.18 838.465
0 31 1655.43 845.631
1 31 1659.01 831.298
2 31 1687.68 827.715
