35
0 0 1162.8 633.6
1 0 1142.4 630
2 0 1122 626.4
0 1 1144.8 607.68
1 1 1124.64 604.8
2 1 1103.04 600.48
0 2 1162.94 634.176
1 2 1142.21 630.72
2 2 1121.47 627.264
0 3 1468.8 883.008
1 3 1451.52 872.64
2 3 1430.78 862.272
0 4 1031.62 599.616
1 4 1012.61 599.616
2 4 990.144 597.888
0 5 778.844 144.323
1 5 752.717 151.373
2 5 725.76 155.52
0 6 1233.79 649.037
1 6 1213.06 644.89
2 6 1190.25 638.669
0 7 1196.88 736.543
1 7 1177.8 734.055
2 7 1157.07 729.907
0 8 1030.58 694.656
1 8 1013.99 692.583
2 8 993.255 690.509
0 9 748.57 138.931
1 9 723.687 147.226
2 9 694.656 151.373
0 10 1505.43 234.317
1 10 1472.26 230.17
2 10 1441.15 223.949
0 11 1035.14 612.127
1 11 1015.23 609.639
2 11 993.255 609.638
0 12 1030.16 599.685
1 12 1012.75 597.197
2 12 990.352 597.197
0 13 1032.65 696.73
1 13 1012.75 694.241
2 13 992.84 691.753
0 14 1035.14 612.127
1 14 1015.23 609.639
2 14 992.84 609.639
0 15 778.844 144.323
1 15 752.468 152.285
2 15 724.101 156.764
0 16 965.468 136.858
1 16 938.097 141.834
2 16 908.237 144.323
0 17 748.984 139.346
1 17 722.608 146.313
2 17 694.241 151.788
0 18 1189.42 753.961
1 18 1171.58 750.643
2 18 1152.09 746.496
0 19 1505.43 236.39
1 19 1473.09 231.414
2 19 1440.74 226.437
0 20 1107.3 736.543
1 20 1089.88 734.055
2 20 1069.98 731.566
0 21 778.844 136.858
1 21 751.473 144.323
2 21 724.101 149.299
0 22 1030.16 695.734
1 22 1012.25 695.734
2 22 991.347 692.748
0 23 1454.17 892.809
1 23 1436.26 883.852
2 23 1415.36 871.908
0 24 1143.63 603.169
1 24 1122.73 600.183
2 24 1101.83 597.197
0 25 1030.16 680.805
1 25 1012.25 677.819
2 25 991.347 674.833
0 26 1558.68 128.397
1 26 1522.85 122.425
2 26 1490.01 119.439
0 27 1057.04 806.216
1 27 1042.11 806.216
2 27 1024.19 803.23
0 28 749.482 137.355
1 28 722.608 146.313
2 28 695.734 149.299
0 29 1046.29 727.386
1 29 1028.37 723.803
2 29 1010.46 723.803
0 30 1096.45 727.386
1 30 1078.54 723.803
2 30 1057.04 723.803
0 31 1558.68 128.995
1 31 1522.85 125.411
2 31 1490.6 118.245
0 32 1454.77 892.212
1 32 1436.86 881.463
2 32 1415.36 870.713
0 33 1030.16 680.805
1 33 1014.04 677.221
2 33 992.541 673.638
0 34 1207.53 956.71
1 34 1193.2 953.126
2 34 1175.28 945.96
