24
0 0 784 703
1 0 877.824 768.96
2 0 874.368 770.688
0 1 783.36 701.28
1 1 781.92 699.84
2 1 875.059 771.379
0 2 783.36 701.28
1 2 781.747 700.877
2 2 777.6 700.877
0 3 888.192 777.6
1 3 887.501 775.526
2 3 883.354 777.6
0 4 229.324 809.799
1 4 231.414 806.216
2 4 228.096 806.63
0 5 883.008 774.144
1 5 879.207 771.379
2 5 875.889 771.379
0 6 557.384 724.101
1 6 559.872 721.613
2 6 554.896 721.613
0 7 582.267 719.125
1 7 584.755 714.148
2 7 579.779 716.636
0 8 704.692 683.791
1 8 704.692 680.805
2 8 701.706 681.8
0 9 547.431 808.704
1 9 549.919 806.216
2 9 547.431 806.216
0 10 704.692 683.791
1 10 704.692 680.805
2 10 701.706 683.791
0 11 597.197 713.65
1 11 600.183 710.664
2 11 597.197 710.664
0 12 555.393 725.594
1 12 558.379 722.608
2 12 555.393 722.608
0 13 229.324 809.799
1 13 232.907 806.216
2 13 229.921 806.216
0 14 783.821 702.951
1 14 880.865 771.379
2 14 874.894 773.37
0 15 698.72 973.431
1 15 698.72 967.459
2 15 695.734 967.459
0 16 680.805 955.515
1 16 680.805 949.543
2 16 677.819 949.543
0 17 546.435 809.202
1 17 549.421 806.216
2 17 546.435 806.216
0 18 627.057 899.379
1 18 627.057 892.212
2 18 623.474 892.212
0 19 883.852 776.356
1 19 880.866 773.37
2 19 877.88 773.967
0 20 555.393 725.594
1 20 558.379 722.608
2 20 551.81 723.803
0 21 594.808 713.053
1 21 598.391 709.47
2 21 594.808 709.47
0 22 784.717 705.887
1 22 784.717 702.304
2 22 781.134 702.304
0 23 229.324 809.799
1 23 232.907 806.216
2 23 229.324 806.216
