22
0 0 537.062 675.994
1 0 570.24 694.656
2 0 597.197 729.907
0 1 545.357 684.288
1 1 576.461 702.951
2 1 603.418 738.202
0 2 91.2384 503.885
1 2 120.269 516.326
2 2 145.152 545.357
0 3 626.227 617.933
1 3 667.699 642.816
2 3 705.024 680.141
0 4 404.352 771.379
1 4 435.456 796.263
2 4 462.413 829.44
0 5 624.154 223.949
1 5 659.405 238.464
2 5 690.509 273.715
0 6 335.923 629.545
1 6 365.783 646.963
2 6 393.155 679.312
0 7 423.014 141.834
1 7 457.851 154.276
2 7 487.711 186.624
0 8 316.017 771.379
1 8 345.877 793.774
2 8 373.248 828.611
0 9 413.061 141.834
1 9 447.898 154.276
2 9 480.246 186.624
0 10 630.043 865.936
1 10 662.889 888.629
2 10 698.72 934.613
0 11 537.477 674.335
1 11 567.337 695.734
2 11 594.211 728.58
0 12 331.444 624.071
1 12 361.304 641.987
2 12 388.178 674.833
0 13 316.017 771.379
1 13 345.877 793.774
2 13 370.262 827.118
0 14 421.024 143.327
1 14 456.856 155.271
2 14 489.702 188.117
0 15 346.374 633.029
1 15 376.234 650.945
2 15 403.108 683.791
0 16 627.057 859.964
1 16 662.889 888.629
2 16 695.137 928.044
0 17 1160.95 458.647
1 17 1207.53 480.146
2 17 1246.95 523.145
0 18 537.477 674.833
1 18 566.143 695.137
2 18 594.808 727.386
0 19 1164.53 469.397
1 19 1207.53 490.896
2 19 1250.53 533.894
0 20 315.32 770.384
1 20 343.985 791.883
2 20 372.651 827.715
0 21 329.653 623.474
1 21 361.901 641.39
2 21 386.984 673.638
