50
0 0 136.8 613.2
1 0 183.6 620.4
2 0 222 629
0 1 136.8 613.2
1 1 183.6 620.4
2 1 222 628.8
0 2 1042.56 761.76
1 2 1095.84 779.04
2 2 1146.24 796.32
0 3 77.76 776.16
1 3 123.84 783.36
2 3 164.16 790.56
0 4 1097.28 817.344
1 4 1153.44 838.08
2 4 1206.72 856.8
0 5 1090.08 816.48
1 5 1144.8 836.64
2 5 1198.08 855.36
0 6 437.184 558.144
1 6 483.84 566.784
2 6 521.856 575.424
0 7 824.256 760.32
1 7 870.912 774.144
2 7 914.112 789.696
0 8 927.936 743.04
1 8 976.32 758.592
2 8 1022.98 774.144
0 9 1043.71 762.048
1 9 1097.28 779.328
2 9 1147.39 796.608
0 10 138.24 613.44
1 10 183.6 620.4
2 10 222.912 628.992
0 11 461.376 551.232
1 11 506.304 559.872
2 11 546.048 568.512
0 12 1097.28 817.344
1 12 1152.58 836.352
2 12 1206.14 857.088
0 13 1090.37 817.344
1 13 1143.94 836.352
2 13 1195.78 855.36
0 14 537.062 576.461
1 14 584.755 584.755
2 14 624.154 595.123
0 15 835.661 750.643
1 15 883.354 765.159
2 15 926.899 779.674
0 16 926.899 742.349
1 16 976.666 758.938
2 16 1022.28 773.453
0 17 821.146 678.067
1 17 868.839 690.509
2 17 912.384 702.951
0 18 1055.46 808.704
1 18 1109.38 827.367
2 18 1161.22 846.029
0 19 138.24 613.44
1 19 184.55 622.08
2 19 223.949 630.375
0 20 1097.28 817.344
1 20 1152.92 835.661
2 20 1204.76 856.397
0 21 460.339 561.946
1 21 505.958 570.24
2 21 545.357 580.608
0 22 920.679 704.195
1 22 970.445 719.125
2 22 1015.23 734.055
0 23 1097.35 816.169
1 23 1152.09 836.076
2 23 1204.35 853.494
0 24 79.6263 831.099
1 24 124.416 838.564
2 24 166.717 848.517
0 25 462.828 552.407
1 25 507.617 559.872
2 25 547.431 569.825
0 26 460.339 559.872
1 26 507.617 569.825
2 26 544.942 579.779
0 27 831.099 686.776
1 27 878.377 699.218
2 27 920.679 711.66
0 28 913.214 704.195
1 28 962.98 719.125
2 28 1007.77 734.055
0 29 554.896 607.15
1 29 599.685 617.104
2 29 639.498 624.568
0 30 136.858 614.615
1 30 184.136 622.08
2 30 223.949 629.545
0 31 355.83 903.26
1 31 400.62 915.702
2 31 437.944 925.655
0 32 824.132 677.819
1 32 868.922 689.763
2 32 913.711 704.692
0 33 830.104 686.776
1 33 871.908 698.72
2 33 919.683 713.65
0 34 462.828 552.407
1 34 507.617 561.365
2 34 546.435 570.323
0 35 76.7232 777.6
1 35 121.928 786.309
2 35 161.243 794.272
0 36 355.83 903.26
1 36 397.733 917.295
2 36 435.954 925.655
0 37 477.758 746.496
1 37 519.561 758.44
2 37 558.379 767.398
0 38 1095.86 815.174
1 38 1149.6 836.076
2 38 1203.35 853.992
0 39 806.216 738.135
1 39 853.992 752.468
2 39 898.781 767.398
0 40 1045.09 761.426
1 40 1098.84 779.342
2 40 1149.6 797.258
0 41 137.355 615.113
1 41 185.131 624.071
2 41 223.949 630.043
0 42 1046.29 759.635
1 42 1100.04 777.55
2 42 1150.2 795.466
0 43 827.715 677.221
1 43 870.713 687.971
2 43 917.295 702.304
0 44 354.735 906.545
1 44 397.733 917.295
2 44 437.148 928.044
0 45 830.104 686.776
1 45 877.88 698.72
2 45 920.878 713.053
0 46 139.744 616.307
1 46 186.325 623.474
2 46 225.74 630.64
0 47 842.048 756.051
1 47 892.212 770.384
2 47 935.21 784.717
0 48 1096.45 813.382
1 48 1150.2 834.881
2 48 1203.95 852.797
0 49 1078.54 820.549
1 49 1132.29 838.465
2 49 1186.03 856.38
