43
0 0 357 471
1 0 408 468
2 0 447.6 468
0 1 144 197.28
1 1 203.04 197.28
2 1 247.68 197.28
0 2 1524.1 736.128
1 2 1577.6 746.496
2 2 1620 756
0 3 395.712 399.168
1 3 447.84 398.88
2 3 488.16 398.88
0 4 1524.1 736.128
1 4 1577.66 746.496
2 4 1620.86 756.864
0 5 347.328 470.016
1 5 399.168 470.016
2 5 438.912 468.288
0 6 355.968 463.104
1 6 407.808 461.376
2 6 447.552 461.376
0 7 1522.8 735.6
1 7 1576.8 746.4
2 7 1617.41 758.592
0 8 194.918 534.989
1 8 248.832 532.915
2 8 290.304 530.842
0 9 244.851 812.188
1 9 296.525 808.704
2 9 333.85 804.557
0 10 356.659 468.634
1 10 408.499 466.56
2 10 447.898 466.56
0 11 362.88 462.413
1 11 414.72 460.339
2 11 454.118 460.339
0 12 1524.1 736.128
1 12 1578.01 746.496
2 12 1621.56 756.864
0 13 240.538 549.504
1 13 294.451 547.43
2 13 333.85 545.357
0 14 362.88 437.53
1 14 414.72 437.53
2 14 452.045 437.53
0 15 348.365 439.603
1 15 400.205 437.53
2 15 439.603 437.53
0 16 144.323 196.577
1 16 204.042 196.577
2 16 248.832 196.577
0 17 244.851 812.188
1 17 296.525 808.704
2 17 333.435 803.728
0 18 1525.34 736.543
1 18 1578.01 746.496
2 18 1622.39 756.449
0 19 358.318 467.804
1 19 408.085 467.804
2 19 447.898 465.316
0 20 363.295 462.828
1 20 413.061 460.339
2 20 452.874 460.339
0 21 241.367 549.919
1 21 293.622 547.431
2 21 333.435 544.942
0 22 246.344 418.038
1 22 301.087 415.55
2 22 340.9 415.55
0 23 370.76 442.921
1 23 420.526 440.433
2 23 460.339 440.433
0 24 348.365 470.293
1 24 398.131 467.804
2 24 437.944 467.804
0 25 244.851 812.188
1 25 295.612 806.216
2 25 334.43 803.23
0 26 874.894 235.893
1 26 922.669 235.893
2 26 964.473 238.879
0 27 358.318 465.814
1 27 409.08 465.814
2 27 447.898 465.814
0 28 1525.34 736.543
1 28 1576.6 745.302
2 28 1621.39 758.44
0 29 247.837 418.038
1 29 301.584 418.038
2 29 340.402 415.052
0 30 364.29 441.926
1 30 415.052 438.94
2 30 453.87 438.94
0 31 283.669 447.898
1 31 334.43 444.912
2 31 376.234 444.912
0 32 191.103 516.575
1 32 247.837 513.589
2 32 286.655 513.589
0 33 885.842 233.902
1 33 934.613 235.893
2 33 976.417 238.879
0 34 143.327 193.492
1 34 204.241 193.492
2 34 247.24 193.492
0 35 874.296 232.907
1 35 924.461 236.49
2 35 963.876 236.49
0 36 247.24 415.649
1 36 300.987 415.649
2 36 340.402 415.649
0 37 351.152 426.399
1 37 397.733 422.815
2 37 444.315 422.815
0 38 279.488 437.148
1 38 333.236 437.148
2 38 372.651 433.565
0 39 279.488 444.315
1 39 333.236 444.315
2 39 372.651 440.731
0 40 204.241 541.06
1 40 257.989 541.06
2 40 297.404 537.477
0 41 197.075 533.894
1 41 250.823 533.894
2 41 290.238 530.311
0 42 186.325 458.647
1 42 243.656 458.647
2 42 283.071 455.064
