30
0 0 1271 639
1 0 1327 653
2 0 1389 666
0 1 1270.8 638.4
1 1 1327.2 652.8
2 1 1388.4 664.8
0 2 1129.2 624
1 2 1177.2 630
2 2 1233.6 633.6
0 3 1509.6 730.8
1 3 1576.8 752.4
2 3 1652.4 775.2
0 4 1069.63 630.72
1 4 1118.02 634.176
2 4 1168.8 638.4
0 5 1270.8 638.4
1 5 1326.24 652.32
2 5 1388.16 665.28
0 6 1262.88 633.6
1 6 1319.04 648
2 6 1380.96 660.96
0 7 1054.08 714.24
1 7 1098.72 718.56
2 7 1149.12 724.32
0 8 1069.98 630.375
1 8 1118.02 634.176
2 8 1169.28 637.92
0 9 1262.88 633.6
1 9 1319.04 648
2 9 1380.67 660.096
0 10 1515.46 691.2
1 10 1584 714.24
2 10 1660.61 734.4
0 11 1269.04 638.669
1 11 1326.24 652.32
2 11 1387.58 665.28
0 12 1273.54 613.44
1 12 1330.56 627.264
2 12 1392.77 639.36
0 13 1266.62 608.256
1 13 1322.96 622.08
2 13 1385.86 634.176
0 14 1069.98 630.375
1 14 1118.02 634.176
2 14 1169.86 637.632
0 15 1551.74 485.568
1 15 1626.05 506.304
2 15 1708.65 526.694
0 16 1069.63 630.72
1 16 1117.67 634.522
2 16 1167.44 638.669
0 17 1271.12 611.712
1 17 1329.18 626.227
2 17 1391.39 638.669
0 18 1269.04 638.669
1 18 1326.27 651.94
2 18 1387.24 665.626
0 19 1266.62 608.256
1 19 1322.96 622.08
2 19 1385.17 634.522
0 20 1262.82 634.522
1 20 1318.81 649.037
2 20 1381.02 661.479
0 21 1269.04 638.669
1 21 1326.27 651.94
2 21 1388.48 664.382
0 22 1264.07 634.522
1 22 1323.79 622.08
2 22 1385.99 634.522
0 23 1264.86 637.806
1 23 1322.19 648.556
2 23 1382.51 662.889
0 24 1125.72 627.057
1 24 1176.48 630.043
2 24 1230.23 636.015
0 25 1109.79 627.057
1 25 1158.56 633.029
2 25 1212.31 636.015
0 26 1212.31 907.739
1 26 1260.09 919.683
2 26 1316.82 931.627
0 27 1264.86 637.806
1 27 1319.81 650.945
2 27 1385.5 636.015
0 28 1264.86 637.806
1 28 1322.19 648.556
2 28 1383.11 662.889
0 29 1089.29 759.635
1 29 1135.87 766.801
2 29 1186.03 773.967
