32
0 0 1723 92
1 0 1726 97
2 0 1738 107
0 1 1443 71
1 1 1441 76
2 1 1447.2 85.2
0 2 1020.96 368.64
1 2 1008 381.6
2 2 1002.24 398.88
0 3 879.84 734.4
1 3 859.68 758.88
2 3 843.264 791.424
0 4 1826.5 103.68
1 4 1831.68 108.864
2 4 1845.5 119.232
0 5 1810.94 101.952
1 5 1816.13 107.136
2 5 1829.95 117.504
0 6 1717.63 98.496
1 6 1721.09 103.68
2 6 1731.46 114.048
0 7 1391.39 501.811
1 7 1385.17 518.4
2 7 1387.24 541.21
0 8 1451.52 82.944
1 8 1449.45 87.0912
2 8 1455.67 97.4592
0 9 1387.24 495.59
1 9 1383.09 514.253
2 9 1385.17 534.989
0 10 1026.43 85.0176
1 10 1011.92 95.3856
2 10 1003.62 107.827
0 11 1214.3 209.019
1 11 1207.87 217.728
2 11 1210.98 228.096
0 12 1450.69 92.0679
1 12 1448.2 97.0445
2 12 1455.67 106.998
0 13 885.842 811.193
1 13 865.936 843.541
2 13 846.029 880.865
0 14 1390.97 500.152
1 14 1385.99 517.571
2 14 1388.48 539.966
0 15 1388.48 495.176
1 15 1381.02 512.594
2 15 1383.51 532.501
0 16 1726.89 87.0912
1 16 1729.38 92.0679
2 16 1741.82 102.021
0 17 1214.3 209.019
1 17 1211.12 211.408
2 17 1211.81 226.437
0 18 1528.82 474.772
1 18 1528.82 489.702
2 18 1534.8 510.603
0 19 889.823 740.524
1 19 870.912 763.914
2 19 853.992 797.258
0 20 1731.87 92.5655
1 20 1734.86 98.5375
2 20 1746.8 107.495
0 21 1737.84 101.523
1 21 1740.83 107.495
2 21 1752.77 116.453
0 22 1385.5 495.673
1 22 1381.02 512.594
2 22 1382.51 534.491
0 23 919.683 859.964
1 23 895.795 892.809
2 23 877.88 934.613
0 24 1214.3 209.019
1 24 1211.12 211.408
2 24 1212.31 223.949
0 25 888.629 809.799
1 25 865.936 842.048
2 25 849.214 877.88
0 26 1528.82 474.772
1 26 1530.02 487.313
2 26 1537.19 508.812
0 27 1297.11 730.969
1 27 1289.95 759.635
2 27 1286.36 791.883
0 28 895.795 813.382
1 28 874.296 845.631
2 28 856.38 885.046
0 29 1014.04 128.995
1 29 999.708 139.744
2 29 992.541 154.077
0 30 1261.28 695.137
1 30 1254.11 723.803
2 30 1250.53 756.051
0 31 1383.11 490.896
1 31 1379.53 508.812
2 31 1379.53 530.311
