34
0 0 1327.1 637.632
1 0 1320.48 632.16
2 0 1308.96 636.48
0 1 1105.92 708.48
1 1 1095.84 707.04
2 1 1080 711.936
0 2 1525.82 127.872
1 2 1522.37 103.68
2 2 1517.18 93.312
0 3 1518.91 127.872
1 3 1515.46 103.68
2 3 1510.27 93.312
0 4 1480.9 461.376
1 4 1477.44 447.552
2 4 1470.53 445.824
0 5 1787.44 138.931
1 5 1785.37 116.122
2 5 1781.22 107.827
0 6 1484.7 456.192
1 6 1480.9 442.368
2 6 1474.33 439.603
0 7 1105.23 707.098
1 7 1096.93 707.098
2 7 1080.35 711.245
0 8 1648.26 800.244
1 8 1648.26 800.244
2 8 1642.29 810.778
0 9 1105.23 707.098
1 9 1097.35 704.195
2 9 1079.93 709.171
0 10 1602.89 443.75
1 10 1599.99 425.503
2 10 1595.01 423.014
0 11 1162.05 739.031
1 11 1152.59 737.538
2 11 1139.65 746.496
0 12 1484.7 456.192
1 12 1480.55 442.921
2 12 1473.09 440.433
0 13 1648.26 799.05
1 13 1647.27 798.751
2 13 1642.29 811.193
0 14 1784.13 116.951
1 14 1779.15 94.5562
2 14 1776.66 84.6029
0 15 1833.89 141.834
1 15 1831.4 119.439
2 15 1828.92 111.974
0 16 1749.29 821.146
1 16 1749.29 821.146
2 16 1744.31 836.076
0 17 1316.82 728.58
1 17 1310.85 725.594
2 17 1298.9 734.552
0 18 1803.53 131.383
1 18 1800.55 110.481
2 18 1797.56 101.523
0 19 1748.59 816.965
1 19 1746.8 821.146
2 19 1743.82 836.076
0 20 1162.05 739.031
1 20 1152.59 737.538
2 20 1134.67 743.51
0 21 1092.87 797.258
1 21 1080.93 803.23
2 21 1063.01 815.174
0 22 1648.26 800.244
1 22 1648.26 800.244
2 22 1642.29 812.188
0 23 1313.83 791.286
1 23 1306.37 791.286
2 23 1292.93 803.23
0 24 1107.8 707.678
1 24 1095.86 704.692
2 24 1080.93 710.664
0 25 1382.51 594.211
1 25 1379.53 580.475
2 25 1368.78 584.059
0 26 1680.51 680.805
1 26 1676.93 673.638
2 26 1673.35 680.805
0 27 1315.03 788.3
1 27 1307.86 791.883
2 27 1293.53 802.633
0 28 1092.87 795.466
1 28 1082.12 802.633
2 28 1064.2 813.382
0 29 1497.77 849.214
1 29 1497.77 852.797
2 29 1487.02 867.13
0 30 1315.03 236.49
1 30 1307.86 214.991
2 30 1300.7 204.241
0 31 1748.59 816.965
1 31 1746.8 821.146
2 31 1745.01 831.298
0 32 1379.53 600.183
1 32 1372.36 587.642
2 32 1365.19 591.225
0 33 1484.03 456.856
1 33 1480.55 442.921
2 33 1472.69 440.731
