41
0 0 1186.8 787.2
1 0 1226.88 786.24
2 0 1271 782
0 1 1185 700
1 1 1226 698
2 1 1271 695
0 2 830.4 670.8
1 2 862.8 661.2
2 2 898 647
0 3 1074 702
1 3 1111.68 698.4
2 3 1153.2 693.6
0 4 1075.2 620.4
1 4 1114.8 616.8
2 4 1156.8 610.8
0 5 1080 619
1 5 1120 616
2 5 1162.8 609.6
0 6 829.44 671.04
1 6 863 661
2 6 897.6 646.8
0 7 930 878.4
1 7 963.6 868.8
2 7 997.2 856.8
0 8 947.52 876.96
1 8 979.2 866.88
2 8 1013.76 855.36
0 9 1075.68 616.32
1 9 1114.56 613.44
2 9 1157.76 607.68
0 10 1075.2 620.4
1 10 1114.8 616.8
2 10 1156.32 610.56
0 11 859.68 665.28
1 11 894 655.2
2 11 928.8 642.24
0 12 829.44 671.04
1 12 862.8 661.2
2 12 895.68 648
0 13 1615.68 380.16
1 13 1674.72 381.6
2 13 1742.4 381.6
0 14 1195.2 692.64
1 14 1236.96 691.2
2 14 1283.04 686.88
0 15 1193.76 725.76
1 15 1235.52 724.32
2 15 1278.72 720
0 16 1183.2 718.8
1 16 1224 718.56
2 16 1268.64 714.24
0 17 1194.05 699.84
1 17 1235.52 698.112
2 17 1280.45 694.656
0 18 1075.68 620.64
1 18 1114.56 618.624
2 18 1157.76 611.712
0 19 1076.54 609.984
1 19 1116.29 606.528
2 19 1159.49 601.344
0 20 860.544 743.04
1 20 893.376 732.672
2 20 927.936 718.848
0 21 829.44 671.04
1 21 862.272 660.096
2 21 895.104 648
0 22 900.288 844.992
1 22 933.12 834.624
2 22 965.952 822.528
0 23 1183.68 784.8
1 23 1224 786.24
2 23 1266.62 781.056
0 24 817.344 751.68
1 24 850.176 741.312
2 24 883.008 727.488
0 25 1078.27 705.024
1 25 1224.25 788.3
2 25 1065.83 628.301
0 26 829.44 670.464
1 26 862.618 661.479
2 26 895.795 646.963
0 27 860.544 665.626
1 27 893.722 655.258
2 27 928.973 642.816
0 28 875.059 663.552
1 28 910.311 653.184
2 28 945.562 640.742
0 29 1183.68 784.8
1 29 1224 786.24
2 29 1266.97 781.747
0 30 860.544 742.349
1 30 893.722 734.055
2 30 928.973 719.539
0 31 1189.42 679.312
1 31 1231.72 676.823
2 31 1276.51 674.335
0 32 828.611 671.847
1 32 860.959 661.893
2 32 895.795 646.963
0 33 860.959 664.382
1 33 895.795 654.428
2 33 930.632 641.987
0 34 1204.35 457.851
1 34 1249.14 457.851
2 34 1298.9 455.363
0 35 1184.44 786.309
1 35 1224.25 786.309
2 35 1065 627.057
0 36 965.468 920.679
1 36 997.817 913.214
2 36 1032.65 900.772
0 37 1191.41 665.875
1 37 1233.21 662.889
2 37 1278 659.903
0 38 874.894 662.889
1 38 907.739 653.931
2 38 943.571 641.987
0 39 827.118 671.847
1 39 859.964 662.889
2 39 895.795 647.959
0 40 874.296 662.889
1 40 906.545 652.139
2 40 942.377 641.39
