21
0 0 1339 416
1 0 1342 417
2 0 1343 419
0 1 1339.2 416.4
1 1 1341.6 416.4
2 1 1342.8 418.8
0 2 1337.76 416.16
1 2 1340.64 416.16
2 2 1342.08 419.04
0 3 1304.64 423.36
1 3 1306.08 423.36
2 3 1306.08 426.24
0 4 1306.08 440.64
1 4 1306.37 440.64
2 4 1306.37 444.096
0 5 1315.01 400.896
1 5 1315.01 400.896
2 5 1316.74 402.278
0 6 1304.29 439.603
1 6 1306.37 441.677
2 6 1306.37 443.75
0 7 1130.11 732.672
1 7 1117.67 738.202
2 7 1103.16 746.496
0 8 1336.23 415.55
1 8 1338.72 418.038
2 8 1341.2 418.038
0 9 1314.66 406.426
1 9 1316.32 405.596
2 9 1316.32 408.085
0 10 1306.37 440.433
1 10 1306.37 440.433
2 10 1306.37 445.409
0 11 1301.39 430.479
1 11 1303.88 430.479
2 11 1301.39 432.968
0 12 520.059 878.377
1 12 490.199 893.307
2 12 452.874 918.19
0 13 1622.39 569.825
1 13 1634.83 574.802
2 13 1647.27 582.267
0 14 520.059 878.377
1 14 490.199 893.307
2 14 453.87 916.697
0 15 1306.37 440.433
1 15 1304.88 441.926
2 15 1304.88 444.912
0 16 1313.83 406.094
1 16 1315.03 404.9
2 16 1313.83 409.08
0 17 1316.82 400.122
1 17 1319.81 400.122
2 17 1319.81 403.108
0 18 1313.83 406.094
1 18 1315.03 404.9
2 18 1315.03 408.483
0 19 1340.71 409.08
1 19 1343.69 408.483
2 19 1343.69 412.066
0 20 1304.28 429.982
1 20 1304.28 429.982
2 20 1304.28 433.565
