63
0 0 882 685
1 0 899 684
2 0 914 684
0 1 884 768
1 1 901 767
2 1 915 768
0 2 732 895
1 2 748 891
2 2 760 888
0 3 731 893
1 3 747 888
2 3 759 885
0 4 884.4 768
1 4 901.2 768
2 4 915.6 768
0 5 732 895.2
1 5 747.6 891.6
2 5 759.6 888
0 6 807.6 991.2
1 6 822 986.4
2 6 835.2 984
0 7 790.8 640.8
1 7 807.6 638.4
2 7 822 638.4
0 8 881.28 707.04
1 8 898.56 705.6
2 8 912.96 705.6
0 9 789.696 639.36
1 9 806.4 637.92
2 9 820.8 637.92
0 10 730.08 891.36
1 10 745.92 887.04
2 10 757.44 884.16
0 11 884.736 768.96
1 11 901.44 767.52
2 11 915.84 768.96
0 12 807.84 990.72
1 12 822.24 986.4
2 12 835.2 983.52
0 13 731.52 895.68
1 13 747.36 891.36
2 13 758.88 888.48
0 14 807.84 973.44
1 14 822.24 969.12
2 14 835.2 966.24
0 15 893.307 776.356
1 15 810.432 701.568
2 15 823.68 701.28
0 16 590.4 708.48
1 16 606.24 704.16
2 16 619.2 701.28
0 17 882.72 685.44
1 17 900 684
2 17 914.4 685.44
0 18 882.72 679.68
1 18 900 679.68
2 18 914.4 679.68
0 19 672.48 924.48
1 19 688.32 918.72
2 19 699.84 915.84
0 20 565.92 715.68
1 20 581.76 711.36
2 20 594.72 707.04
0 21 727.2 980.64
1 21 741.6 974.88
2 21 754.56 972
0 22 243.855 796.263
1 22 261.274 790.042
2 22 273.6 784.8
0 23 893.376 775.872
1 23 910.656 774.144
2 23 924.48 774.144
0 24 884.736 768.96
1 24 902.016 768.96
2 24 915.84 768.96
0 25 565.056 715.392
1 25 580.608 711.936
2 25 592.704 708.48
0 26 893.307 776.356
1 26 810.432 701.568
2 26 824.256 701.568
0 27 806.976 972.864
1 27 822.528 969.408
2 27 834.624 965.952
0 28 789.696 639.36
1 28 806.4 637.92
2 28 820.8 637.632
0 29 730.944 891.648
1 29 746.496 886.464
2 29 758.592 883.008
0 30 813.888 1010.88
1 30 829.44 1007.42
2 30 841.536 1003.97
0 31 597.197 841.882
1 31 611.712 837.734
2 31 624.154 833.587
0 32 808.704 993.255
1 32 823.219 987.034
2 32 835.661 984.96
0 33 725.76 980.813
1 33 740.275 976.666
2 33 752.717 972.519
0 34 557.798 798.336
1 34 572.314 794.189
2 34 584.755 790.042
0 35 595.123 790.042
1 35 611.712 783.821
2 35 624.154 779.674
0 36 893.376 775.872
1 36 910.311 773.453
2 36 924.826 775.526
0 37 885.427 771.379
1 37 902.016 769.306
2 37 916.531 769.306
0 38 564.019 717.466
1 38 580.608 711.245
2 38 593.05 707.098
0 39 788.798 701.706
1 39 903.26 768.891
2 39 819.072 698.803
0 40 243.855 796.263
1 40 261.274 790.042
2 40 273.715 785.895
0 41 885.427 771.379
1 41 902.016 769.306
2 41 915.702 768.891
0 42 589.732 711.66
1 42 607.15 704.195
2 42 619.592 704.195
0 43 787.968 700.877
1 43 901.767 770.384
2 43 818.657 699.218
0 44 686.776 915.702
1 44 701.706 910.725
2 44 714.148 908.237
0 45 597.197 841.052
1 45 612.127 836.076
2 45 624.568 833.587
0 46 557.384 798.751
1 46 572.314 793.774
2 46 584.755 788.798
0 47 808.704 992.84
1 47 823.634 987.863
2 47 836.076 985.375
0 48 729.078 890.819
1 48 744.008 885.842
2 48 756.449 883.354
0 49 569.825 811.193
1 49 584.755 808.704
2 49 597.197 803.728
0 50 1174.49 910.725
1 50 1191.91 910.725
2 50 1206.84 915.702
0 51 653.931 907.739
1 51 668.861 901.767
2 51 680.805 898.781
0 52 704.692 961.487
1 52 719.622 955.515
2 52 731.566 952.529
0 53 686.776 916.697
1 53 701.706 910.725
2 53 713.65 907.739
0 54 885.046 770.384
1 54 903.26 768.891
2 54 916.697 770.384
0 55 591.225 707.678
1 55 606.155 707.678
2 55 621.085 701.706
0 56 552.407 800.244
1 56 570.323 794.272
2 56 582.267 791.286
0 57 652.139 902.962
1 57 666.472 899.379
2 57 680.805 895.795
0 58 634.223 885.046
1 58 648.556 881.463
2 58 662.889 877.88
0 59 788.3 701.706
1 59 902.962 770.384
2 59 917.295 770.384
0 60 562.56 716.636
1 60 576.892 713.053
2 60 591.225 709.47
0 61 788.3 702.304
1 61 806.216 698.72
2 61 820.549 698.72
0 62 591.225 705.887
1 62 609.141 702.304
2 62 619.89 698.72
