30
0 0 1384.8 520.8
1 0 1387.2 542.4
2 0 1384.8 572.4
0 1 1008 381.6
1 1 1002.24 398.88
2 1 992.16 421.92
0 2 1721.09 103.68
1 2 1731.46 114.048
2 2 1738.37 133.056
0 3 1455.84 250.56
1 3 1460.16 267.84
2 3 1458.43 293.76
0 4 1527.55 492.48
1 4 1532.74 513.216
2 4 1536.19 540.864
0 5 1728 96.768
1 5 1740.1 107.136
2 5 1747.01 126.144
0 6 1731.46 82.944
1 6 1741.82 91.2384
2 6 1750.12 111.974
0 7 1385.17 518.4
1 7 1387.24 541.21
2 7 1385.17 570.24
0 8 864.691 843.955
1 8 844.992 883.008
2 8 821.146 928.973
0 9 1383.09 514.253
1 9 1385.17 534.989
2 9 1383.09 566.093
0 10 1389.31 512.179
1 10 1391.39 534.989
2 10 1389.31 564.019
0 11 1729.38 92.0679
1 11 1741.82 102.021
2 11 1749.29 121.928
0 12 1385.17 518.4
1 12 1388.48 539.966
2 12 1385.99 569.825
0 13 1381.02 512.594
1 13 1383.51 532.501
2 13 1381.02 562.36
0 14 865.936 843.541
1 14 846.029 880.865
2 14 821.146 925.655
0 15 1739.34 106.998
1 15 1751.78 116.951
2 15 1759.24 136.858
0 16 1731.87 82.1146
1 16 1744.31 92.0679
2 16 1751.78 111.974
0 17 1393.86 505.229
1 17 1394.45 528.519
2 17 1391.47 558.379
0 18 865.936 842.048
1 18 846.029 880.865
2 18 821.146 925.655
0 19 1012.25 110.481
1 19 1006.28 125.411
2 19 994.333 146.313
0 20 1755.76 98.5375
1 20 1767.7 110.481
2 20 1773.67 128.397
0 21 1381.02 512.594
1 21 1382.51 534.491
2 21 1379.53 564.351
0 22 1211.12 211.408
1 22 1212.31 223.949
2 22 1212.31 241.865
0 23 1393.86 505.229
1 23 1394.45 528.519
2 23 1393.86 555.393
0 24 865.936 842.048
1 24 849.214 877.88
2 24 824.132 924.461
0 25 1530.02 487.313
1 25 1537.19 508.812
2 25 1537.19 537.477
0 26 1386.69 515.978
1 26 1388.48 537.477
2 26 1386.69 566.143
0 27 1211.12 211.408
1 27 1212.31 223.949
2 27 1211.12 240.073
0 28 1379.53 508.812
1 28 1379.53 530.311
2 28 1379.53 558.976
0 29 999.708 139.744
1 29 992.541 154.077
2 29 981.792 175.576
