55
0 0 124 539
1 0 188 535
2 0 241 535
0 1 1464 726
1 1 1522.8 735.6
2 1 1576 747
0 2 1465.34 724.032
1 2 1522.8 735.6
2 2 1576.8 746.4
0 3 191.52 820.8
1 3 249.12 815.04
2 3 299.52 810.72
0 4 1465.34 724.032
1 4 1522.8 735.6
2 4 1576.8 745.92
0 5 184.32 823.68
1 5 241.92 817.92
2 5 292.32 812.16
0 6 183.168 824.256
1 6 238.879 818.657
2 6 292.032 812.16
0 7 124.416 537.062
1 7 188.352 533.952
2 7 241.92 532.224
0 8 1465.34 724.032
1 8 1524.1 736.128
2 8 1577.66 746.496
0 9 111.974 574.387
1 9 176.256 573.696
2 9 229.824 568.512
0 10 184.55 418.867
1 10 247.104 418.176
2 10 300.672 416.448
0 11 183.168 824.256
1 11 240.538 816.999
2 11 290.304 812.851
0 12 188.117 818.16
1 12 244.851 812.188
2 12 296.525 808.704
0 13 1466.12 725.594
1 13 1524.1 736.128
2 13 1578.01 746.496
0 14 825.293 226.022
1 14 881.28 230.17
2 14 931.047 232.243
0 15 132.71 537.062
1 15 194.918 534.989
2 15 248.832 532.915
0 16 124.416 534.989
1 16 188.698 532.915
2 16 242.611 530.842
0 17 821.146 232.243
1 17 877.133 236.39
2 17 926.899 238.464
0 18 116.951 480.246
1 18 180.403 479.002
2 18 236.39 476.928
0 19 298.598 468.634
1 19 356.659 468.634
2 19 408.499 466.56
0 20 304.819 464.486
1 20 362.88 462.413
2 20 414.72 460.339
0 21 184.55 418.867
1 21 246.758 418.867
2 21 300.672 416.794
0 22 288.23 439.603
1 22 348.365 439.603
2 22 400.205 437.53
0 23 126.49 576.461
1 23 190.771 572.314
2 23 244.685 570.24
0 24 111.974 574.802
1 24 176.256 572.314
2 24 230.17 570.24
0 25 179.159 552.407
1 25 241.367 549.919
2 25 293.622 547.431
0 26 298.598 467.804
1 26 358.318 467.804
2 26 408.085 467.804
0 27 125.411 534.491
1 27 188.117 531.505
2 27 243.855 527.524
0 28 188.117 818.16
1 28 244.851 812.188
2 28 296.11 806.216
0 29 821.146 231.414
1 29 875.889 236.39
2 29 925.655 238.879
0 30 1465.62 724.101
1 30 1524.1 736.128
2 30 1577.6 746.496
0 31 333.435 398.131
1 31 393.155 398.131
2 31 445.409 398.131
0 32 288.645 437.944
1 32 348.365 437.944
2 32 400.62 437.944
0 33 311.04 442.921
1 33 365.783 440.433
2 33 420.526 440.433
0 34 197.075 824.132
1 34 253.809 821.146
2 34 304.57 815.174
0 35 188.117 818.16
1 35 244.851 812.188
2 35 295.612 806.216
0 36 818.16 229.921
1 36 874.894 235.893
2 36 922.669 235.893
0 37 1465.52 723.803
1 37 1522.85 734.552
2 37 1576.6 746.496
0 38 179.159 552.407
1 38 241.865 549.421
2 38 292.627 546.435
0 39 298.598 468.8
1 39 358.318 465.814
2 39 409.08 465.814
0 40 185.131 418.038
1 40 247.837 418.038
2 40 301.584 418.038
0 41 310.542 441.926
1 41 370.262 441.926
2 41 421.024 441.926
0 42 200.061 418.038
1 42 259.781 418.038
2 42 313.528 418.038
0 43 132.578 537.477
1 43 197.075 533.894
2 43 250.823 533.894
0 44 125.411 530.311
1 44 189.909 526.728
2 44 243.656 526.728
0 45 818.16 229.921
1 45 874.296 232.907
2 45 924.461 236.49
0 46 139.744 544.644
1 46 204.241 541.06
2 46 257.989 541.06
0 47 179.159 824.132
1 47 238.879 818.16
2 47 286.655 809.799
0 48 189.909 816.965
1 48 247.24 809.799
2 48 297.404 806.216
0 49 186.325 419.232
1 49 247.24 415.649
2 49 300.987 415.649
0 50 128.995 469.397
1 50 193.492 469.397
2 50 247.24 465.814
0 51 1465.52 723.803
1 51 1522.85 737.538
2 51 1576.6 745.302
0 52 179.159 548.227
1 52 240.073 548.227
2 52 293.821 544.644
0 53 308.154 440.731
1 53 369.068 440.731
2 53 419.232 440.731
0 54 924.461 490.896
1 54 978.209 494.479
2 54 1024.79 498.062
