36
0 0 1006 892
1 0 993 899
2 0 994 907
0 1 1728 492.48
1 1 1730.88 493.92
2 1 1746.72 493.92
0 2 1209.6 691.2
1 2 1200.96 696.384
2 2 1206.14 699.84
0 3 1392.77 663.552
1 3 1387.58 667.008
2 3 1396.22 670.464
0 4 1508.54 483.84
1 4 1506.82 483.84
2 4 1517.18 485.568
0 5 1016.06 867.456
1 5 1002.24 874.368
2 5 1003.97 881.28
0 6 1524.1 754.791
1 6 1522.02 761.011
2 6 1532.39 765.159
0 7 1376.87 709.171
1 7 1372.72 711.245
2 7 1378.94 715.392
0 8 1721.09 537.062
1 8 1723.16 539.136
2 8 1737.68 539.136
0 9 1508.54 483.84
1 9 1506.82 483.84
2 9 1517.88 485.222
0 10 1774.17 243.855
1 10 1779.15 241.367
2 10 1794.08 238.879
0 11 1020.21 875.889
1 11 1007.77 883.354
2 11 1007.77 890.819
0 12 1378.53 706.683
1 12 1373.55 711.66
2 12 1381.02 714.148
0 13 1017.72 865.936
1 13 1005.28 873.401
2 13 1005.28 880.865
0 14 1525.34 753.961
1 14 1519.87 761.426
2 14 1532.81 766.403
0 15 1512.9 480.246
1 15 1507.92 482.734
2 15 1520.36 482.734
0 16 1199.37 136.858
1 16 1194.39 134.369
2 16 1196.88 134.369
0 17 812.188 268.739
1 17 803.23 268.739
2 17 797.258 271.725
0 18 1018.22 874.894
1 18 1006.28 883.852
2 18 1006.28 889.823
0 19 991.347 889.823
1 19 979.403 895.795
2 19 979.403 904.753
0 20 1003.29 889.823
1 20 991.347 895.795
2 20 991.347 904.753
0 21 748.885 770.384
1 21 734.552 779.342
2 21 728.58 782.328
0 22 1424.31 576.295
1 22 1421.33 579.281
2 22 1430.29 579.281
0 23 1525.34 753.961
1 23 1520.36 758.938
2 23 1528.82 764.412
0 24 1719.93 748.885
1 24 1719.93 756.051
2 24 1734.86 761.426
0 25 1487.02 119.439
1 25 1487.02 116.453
2 25 1495.98 113.467
0 26 1560.18 131.881
1 26 1561.67 128.397
2 26 1573.61 125.411
0 27 1263.07 191.103
1 27 1254.11 189.909
2 27 1261.28 189.909
0 28 650.945 797.258
1 28 641.39 799.05
2 28 641.39 806.216
0 29 1379.53 705.887
1 29 1372.36 709.47
2 29 1379.53 713.053
0 30 1773.68 232.907
1 30 1777.26 229.324
2 30 1795.17 225.74
0 31 1006.87 885.046
1 31 996.125 892.212
2 31 996.125 899.379
0 32 1203.95 691.554
1 32 1196.78 695.137
2 32 1200.37 698.72
0 33 813.382 268.739
1 33 799.05 268.739
2 33 799.05 272.322
0 34 1200.37 136.161
1 34 1193.2 136.161
2 34 1196.78 136.161
0 35 1641.6 734.4
1 35 1644.68 741.719
2 35 1655.43 745.302
