52
0 0 768.96 682.56
1 0 799.2 676.8
2 0 831 671
0 1 1112.4 716.4
1 1 1146 718.8
2 1 1183.2 718.8
0 2 934.8 865.2
1 2 963.6 862.8
2 2 994.8 856.8
0 3 1012.8 704.4
1 3 1044 705.6
2 3 1078.8 704.4
0 4 1008 702
1 4 1039.2 702
2 4 1074 702
0 5 768.96 682.56
1 5 799.2 676.8
2 5 830.4 670.8
0 6 1007.42 615.168
1 6 1039.68 617.76
2 6 1075.68 616.32
0 7 1118.4 783.6
1 7 1150.8 786
2 7 1186.56 787.68
0 8 1124.64 660.96
1 8 1157.76 662.4
2 8 1196.64 663.84
0 9 786.24 792
1 9 813.6 787.68
2 9 843.84 780.48
0 10 799.2 675.36
1 10 828 671.04
2 10 859.68 665.28
0 11 934.56 868.32
1 11 963.36 865.44
2 11 995.04 859.68
0 12 802.08 754.56
1 12 830.88 750.24
2 12 861.12 743.04
0 13 1111.68 715.68
1 13 1144.8 718.56
2 13 1182.24 718.56
0 14 1007.42 701.568
1 14 1039.68 702.72
2 14 1074.24 702.72
0 15 1114.56 696.96
1 15 1147.68 698.4
2 15 1185.12 699.84
0 16 925.92 874.08
1 16 954.72 871.2
2 16 986.4 865.44
0 17 768.96 682.56
1 17 797.76 678.24
2 17 829.44 671.04
0 18 1114.77 783.821
1 18 1147.12 786.309
2 18 1183.68 784.512
0 19 1012.32 704.16
1 19 1043.71 705.024
2 19 1078.27 705.024
0 20 1009.15 609.984
1 20 1041.12 609.12
2 20 1076.54 609.984
0 21 768.96 682.56
1 21 798.336 677.376
2 21 829.44 670.464
0 22 760.32 763.776
1 22 787.968 758.592
2 22 817.344 751.68
0 23 1011.92 705.024
1 23 1146.62 788.3
2 23 1184.03 785.895
0 24 1007.77 622.08
1 24 1038.87 622.08
2 24 1076.2 622.08
0 25 1012.32 704.16
1 25 1043.71 705.024
2 25 1078.27 705.024
0 26 1115.6 698.803
1 26 1148.77 700.877
2 26 1186.1 700.877
0 27 1121.82 696.73
1 27 1155 698.803
2 27 1192.32 698.803
0 28 1519.95 371.174
1 28 1565.15 375.736
2 28 1615.33 379.469
0 29 800.41 675.994
1 29 829.44 671.846
2 29 860.544 665.626
0 30 769.306 682.214
1 30 798.336 678.067
2 30 829.44 671.846
0 31 1012.75 614.615
1 31 1045.09 617.104
2 31 1079.93 614.615
0 32 1122.23 681.8
1 32 1157.07 681.8
2 32 1194.39 684.288
0 33 1112.83 781.056
1 33 1040.12 704.195
2 33 1074.95 704.195
0 34 841.052 853.494
1 34 868.424 851.006
2 34 898.284 843.541
0 35 1532.81 216.484
1 35 1580.08 218.972
2 35 1634.83 221.461
0 36 1117.26 676.823
1 36 1152.09 679.312
2 36 1189.42 679.312
0 37 801.239 674.335
1 37 828.611 671.847
2 37 860.959 664.382
0 38 1011.92 705.024
1 38 1146.62 788.3
2 38 1184.44 786.309
0 39 1113.77 785.314
1 39 1146.62 788.3
2 39 1182.45 788.3
0 40 1122.73 656.917
1 40 1155.58 659.903
2 40 1194.39 659.903
0 41 1119.74 692.748
1 41 1155.58 695.734
2 41 1191.41 695.734
0 42 1119.74 662.889
1 42 1152.59 665.875
2 42 1191.41 665.875
0 43 1116.76 677.819
1 43 1152.59 680.805
2 43 1188.42 680.805
0 44 767.398 683.791
1 44 795.466 677.221
2 44 827.118 671.847
0 45 824.132 836.076
1 45 851.006 833.09
2 45 880.866 827.118
0 46 800.244 674.833
1 46 830.104 671.847
2 46 859.964 665.875
0 47 815.174 674.833
1 47 842.048 671.847
2 47 874.894 662.889
0 48 1114.37 781.134
1 48 1146.62 784.717
2 48 1182.45 788.3
0 49 1117.95 677.221
1 49 1153.78 680.805
2 49 1189.62 680.805
0 50 813.382 673.638
1 50 842.048 670.055
2 50 874.296 662.889
0 51 766.801 680.805
1 51 795.466 677.221
2 51 827.715 670.055
