30
0 0 747.6 304.8
1 0 742.8 250.8
2 0 733.2 190.8
0 1 357.12 512.64
1 1 349.92 469.44
2 1 336.96 421.92
0 2 701.28 830.88
1 2 705.6 787.68
2 2 709.92 740.16
0 3 753.12 288
1 3 747.36 233.28
2 3 737.28 172.8
0 4 406.08 345.6
1 4 395.712 297.216
2 4 378.72 244.8
0 5 1297.73 527.04
1 5 1304.64 471.744
2 5 1313.28 409.536
0 6 406.08 345.6
1 6 395.712 297.216
2 6 378.432 245.376
0 7 640.742 787.968
1 7 642.816 744.422
2 7 644.89 696.73
0 8 711.245 852.25
1 8 717.466 808.704
2 8 721.613 761.011
0 9 1287.71 528.768
1 9 1293.93 476.928
2 9 1302.22 412.646
0 10 356.659 514.253
1 10 348.365 470.707
2 10 335.923 423.014
0 11 698.803 823.219
1 11 705.024 779.674
2 11 707.098 731.981
0 12 750.643 300.672
1 12 746.496 246.758
2 12 736.128 186.624
0 13 502.641 734.055
1 13 500.152 691.753
2 13 497.664 646.963
0 14 406.426 346.291
1 14 395.643 298.598
2 14 378.225 246.344
0 15 741.52 298.598
1 15 736.543 243.855
2 15 726.59 184.136
0 16 746.496 286.655
1 16 740.524 235.893
2 16 731.566 173.187
0 17 639.001 791.286
1 17 641.987 749.482
2 17 641.987 701.706
0 18 355.332 513.589
1 18 346.374 471.786
2 18 334.43 424.01
0 19 406.094 346.374
1 19 397.136 298.598
2 19 379.22 247.837
0 20 226.437 796.263
1 20 220.963 761.426
2 20 214.991 722.608
0 21 346.374 558.379
1 21 340.402 516.575
2 21 328.458 468.8
0 22 637.806 791.883
1 22 641.39 748.885
2 22 641.39 702.304
0 23 698.72 824.132
1 23 702.304 781.134
2 23 705.887 734.552
0 24 347.569 555.393
1 24 340.402 512.395
2 24 329.653 465.814
0 25 1182.45 455.064
1 25 1186.03 401.316
2 25 1193.2 340.402
0 26 355.332 513.589
1 26 346.374 471.786
2 26 333.236 422.815
0 27 226.935 797.258
1 27 220.963 761.426
2 27 214.991 720.22
0 28 647.959 659.903
1 28 648.556 616.307
2 28 644.973 562.56
0 29 408.483 347.569
1 29 397.733 300.987
2 29 379.817 247.24
