45
0 0 1453 72
1 0 1449 77
2 0 1447 82
0 1 1447 66
1 1 1443 71
2 1 1441 76
0 2 1724.4 72
1 2 1724.4 78
2 2 1728 82.8
0 3 1230 672
1 3 1218 694.8
2 3 1207.2 720
0 4 1723.2 86.4
1 4 1723.2 92.4
2 4 1726.8 97.2
0 5 1836 99.6
1 5 1838.4 105.6
2 5 1844.4 111.6
0 6 1396.8 488.4
1 6 1389.6 504
2 6 1384.8 520.8
0 7 1722 91.2
1 7 1722 97.2
2 7 1725.6 102
0 8 907.2 787.68
1 8 884.736 813.888
2 8 862.56 845.28
0 9 1448.4 69.6
1 9 1444.32 74.88
2 9 1442.88 79.2
0 10 1229.76 672.48
1 10 1218.24 695.52
2 10 1206.72 720
0 11 1733.76 87.84
1 11 1733.76 93.6
2 11 1738.08 97.92
0 12 900 711.36
1 12 879.84 734.4
2 12 859.68 758.88
0 13 1772.64 92.16
1 13 1774.08 97.92
2 13 1778.4 103.68
0 14 1764 102.24
1 14 1765.44 108
2 14 1769.76 113.76
0 15 1834.56 99.36
1 15 1837.44 105.12
2 15 1843.2 110.88
0 16 158.4 393.12
1 16 106.56 416.16
2 16 54.72 443.52
0 17 1035.36 357.12
1 17 1020.96 368.64
2 17 1007.42 381.888
0 18 908.237 785.895
1 18 885.6 815.04
2 18 864 843.264
0 19 736.128 590.976
1 19 702.951 617.933
2 19 665.28 649.728
0 20 1728 72.576
1 20 1728 77.76
2 20 1731.46 82.944
0 21 1719.36 93.312
1 21 1717.63 98.496
2 21 1721.09 103.68
0 22 1230.34 834.624
1 22 1216.51 864
2 22 1202.69 896.832
0 23 1750.12 89.1648
1 23 1750.12 95.3856
2 23 1754.27 99.5328
0 24 1397.61 487.296
1 24 1391.39 501.811
2 24 1385.17 518.4
0 25 908.237 785.895
1 25 885.6 815.04
2 25 864.691 843.955
0 26 736.128 590.976
1 26 702.951 617.933
2 26 667.699 649.037
0 27 1035.36 357.12
1 27 1021.25 369.792
2 27 1007.77 381.542
0 28 1727.31 72.576
1 28 1727.31 76.7232
2 28 1731.46 82.944
0 29 920.679 786.309
1 29 898.284 813.681
2 29 875.889 846.029
0 30 1726.89 82.1146
1 30 1726.89 87.0912
2 30 1729.38 92.0679
0 31 736.543 592.22
1 31 701.706 619.592
2 31 666.87 649.452
0 32 1398.44 485.223
1 32 1390.97 500.152
2 32 1385.99 517.571
0 33 1393.46 480.246
1 33 1388.48 495.176
2 33 1381.02 512.594
0 34 1734.86 95.5515
1 34 1737.84 101.523
2 34 1740.83 107.495
0 35 1534.8 459.842
1 35 1528.82 474.772
2 35 1528.82 489.702
0 36 737.538 591.225
1 36 705.887 616.307
2 36 668.861 647.959
0 37 940.585 830.104
1 37 919.683 859.964
2 37 895.795 892.809
0 38 1391.47 477.758
1 38 1385.5 495.673
2 38 1379.53 508.812
0 39 1275.61 673.638
1 39 1261.28 695.137
2 39 1254.11 723.803
0 40 738.135 591.225
1 40 705.887 616.307
2 40 670.055 644.973
0 41 895.795 713.65
1 41 870.713 734.552
2 41 852.797 759.635
0 42 1031.96 114.662
1 42 1017.62 121.828
2 42 1003.29 132.578
0 43 1196.78 856.38
1 43 1178.87 888.629
2 43 1164.53 924.461
0 44 1221.27 200.061
1 44 1214.7 207.825
2 44 1211.12 211.408
