26
0 0 1458 292.8
1 0 1480.32 315.36
2 0 1490.4 334.08
0 1 1383.84 571.68
1 1 1404.86 597.888
2 1 1411.78 622.08
0 2 1458 292.8
1 2 1480.9 314.496
2 2 1491.26 333.504
0 3 1798.85 133.056
1 3 1840.32 143.424
2 3 1838.59 148.608
0 4 1747.01 110.592
1 4 1788.48 120.96
2 4 1812.67 127.872
0 5 1393.46 566.093
1 5 1414.2 593.05
2 5 1422.49 615.859
0 6 820.8 829.44
1 6 819.072 864
2 6 804.557 895.795
0 7 1754.27 126.49
1 7 1795.74 136.858
2 7 1820.62 145.152
0 8 1536.54 541.21
1 8 1560.38 566.784
2 8 1575.94 588.902
0 9 1385.17 570.24
1 9 1405.9 597.197
2 9 1412.12 622.08
0 10 1458.43 293.76
1 10 1480.55 315.187
2 10 1490.92 333.85
0 11 1750.12 111.974
1 11 1787.44 120.269
2 11 1814.4 128.563
0 12 898.56 60.48
1 12 906.163 76.7232
2 12 904.09 87.0912
0 13 1457.74 294.451
1 13 1480.55 315.187
2 13 1490.5 335.923
0 14 1708.65 657.331
1 14 1739.34 689.265
2 14 1756.75 719.125
0 15 1751.78 111.974
1 15 1791.59 121.928
2 15 1816.47 129.393
0 16 1385.99 569.825
1 16 1405.9 597.197
2 16 1413.37 619.592
0 17 1393.46 567.337
1 17 1415.85 592.22
2 17 1423.32 617.104
0 18 1537.78 539.966
1 18 1561.67 567.337
2 18 1575.11 589.732
0 19 1749.29 121.928
1 19 1789.1 131.881
2 19 1813.99 139.346
0 20 1709.48 656.917
1 20 1737.84 689.763
2 20 1755.76 719.622
0 21 1385.99 569.825
1 21 1405.9 597.197
2 21 1412.37 621.085
0 22 1749.79 110.481
1 22 1788.6 122.425
2 22 1812.49 128.397
0 23 845.034 824.132
1 23 842.048 859.964
2 23 831.298 888.629
0 24 1386.69 566.143
1 24 1406.4 594.211
2 24 1415.36 616.307
0 25 1537.19 537.477
1 25 1562.27 566.143
2 25 1576.6 587.642
