43
0 0 983 619
1 0 1014 620
2 0 1046 621
0 1 978 700
1 1 1008 702
2 1 1040 703
0 2 982.8 703.2
1 2 1012.8 704.4
2 2 1044 704
0 3 743 685
1 3 768.96 682.56
2 3 799 677
0 4 982.8 703.2
1 4 1012.8 704.4
2 4 1044 705.6
0 5 844.8 891.6
1 5 871.2 888
2 5 898.8 884.4
0 6 743.04 685.44
1 6 768.96 682.56
2 6 799.2 676.8
0 7 1080 714
1 7 1112.4 716.4
2 7 1146 718.8
0 8 1081.44 695.52
1 8 1114.56 696.96
2 8 1147.68 698.4
0 9 771.84 678.24
1 9 799.2 675.36
2 9 828 671.04
0 10 982.8 703.2
1 10 1012.8 704.4
2 10 1044 705.6
0 11 901.44 879.84
1 11 928.8 876.96
2 11 957.6 874.08
0 12 1080 714.24
1 12 1111.68 715.68
2 12 1144.8 718.56
0 13 905.76 866.88
1 13 934.56 864
2 13 963.36 861.12
0 14 981.504 616.896
1 14 1012.32 619.2
2 14 1044 619.2
0 15 1081.73 779.328
1 15 1113.52 781.747
2 15 1146.24 783.36
0 16 977.76 607.68
1 16 1009.44 609.12
2 16 1041.12 609.12
0 17 743.04 685.44
1 17 768.96 682.56
2 17 797.76 678.24
0 18 843.84 891.36
1 18 871.2 887.04
2 18 898.56 884.16
0 19 1081.73 779.328
1 19 1112.83 781.056
2 19 1145.66 784.512
0 20 774.144 758.592
1 20 801.792 753.408
2 20 829.44 749.952
0 21 781.056 827.712
1 21 806.976 824.256
2 21 834.624 820.8
0 22 772.416 679.104
1 22 800.064 675.648
2 22 827.712 670.464
0 23 905.472 865.728
1 23 933.12 864
2 23 962.496 860.544
0 24 743.04 686.016
1 24 768.96 682.56
2 24 798.336 677.376
0 25 844.992 891.648
1 25 872.64 888.192
2 25 900.288 884.736
0 26 918.605 976.666
1 26 945.562 972.519
2 26 974.592 970.445
0 27 1090.71 682.214
1 27 1123.89 684.288
2 27 1157.07 686.362
0 28 1080.93 782.328
1 28 1010.26 704.195
2 28 1040.95 705.024
0 29 771.379 810.778
1 29 798.336 806.63
2 29 825.293 802.483
0 30 1082.42 781.333
1 30 1113.77 785.314
2 30 1146.7 785.895
0 31 742.349 686.362
1 31 769.306 682.214
2 31 798.336 678.067
0 32 1082.42 781.333
1 32 1113.77 785.314
2 32 1147.12 786.309
0 33 977.91 609.639
1 33 1010.26 609.639
2 33 1042.61 612.127
0 34 1084.91 674.335
1 34 1117.26 676.823
2 34 1152.09 679.312
0 35 771.379 681.8
1 35 801.239 674.335
2 35 828.611 671.847
0 36 788.3 677.819
1 36 815.174 674.833
2 36 842.048 671.847
0 37 1082.12 781.134
1 37 1113.77 785.314
2 37 1146.62 788.3
0 38 773.967 677.221
1 38 802.633 673.638
2 38 831.298 670.055
0 39 788.3 677.221
1 39 813.382 673.638
2 39 842.048 670.055
0 40 1089.29 652.139
1 40 1121.54 652.139
2 40 1157.37 655.722
0 41 1082.12 781.134
1 41 1113.77 785.314
2 41 1146.62 784.717
0 42 741.719 684.388
1 42 766.801 680.805
2 42 795.466 677.221
