14
0 0 812.16 152.064
1 0 790.56 123.84
2 0 768.96 126.72
0 1 772.416 131.328
1 1 748.57 107.827
2 1 729.216 110.592
0 2 774.144 143.424
1 2 753.408 117.504
2 2 732.672 122.688
0 3 773.453 136.858
1 3 751.473 106.998
2 3 729.907 111.974
0 4 773.453 136.858
1 4 750.643 111.974
2 4 729.907 116.122
0 5 814.925 145.152
1 5 790.042 116.122
2 5 769.306 120.269
0 6 1053.39 190.771
1 6 1024.36 149.299
2 6 993.255 143.078
0 7 773.868 136.858
1 7 751.473 111.974
2 7 731.566 116.951
0 8 776.356 144.323
1 8 755.454 119.439
2 8 734.055 121.928
0 9 811.193 149.299
1 9 788.798 121.928
2 9 766.403 124.416
0 10 767.398 134.369
1 10 744.008 109.486
2 10 724.101 111.974
0 11 773.37 137.355
1 11 749.482 110.481
2 11 731.566 116.453
0 12 809.202 149.299
1 12 785.314 122.425
2 12 764.412 125.411
0 13 776.356 143.327
1 13 755.454 119.439
2 13 734.552 122.425
