46
0 0 1278 303.6
1 0 1261.2 267.6
2 0 1257.6 225.6
0 1 1238.4 288
1 1 1221.12 252
2 1 1216.8 208.8
0 2 1237.25 293.76
1 2 1221.12 259.2
2 2 1215.36 216
0 3 1272.96 308.16
1 3 1257.12 272.16
2 3 1252.8 228.96
0 4 1088.64 849.6
1 4 1075.2 822
2 4 1077.12 783.36
0 5 1280.16 298.08
1 5 1262.88 262.08
2 5 1258.56 218.88
0 6 1248.48 345.6
1 6 1232.64 309.6
2 6 1228.32 267.84
0 7 1238.98 288.576
1 7 1221.7 252.288
2 7 1216.51 209.088
0 8 1237.25 293.76
1 8 1221.7 259.2
2 8 1216.51 216
0 9 1272.96 308.16
1 9 1257.12 272.16
2 9 1252.8 229.824
0 10 1088.64 850.176
1 10 1076.54 820.8
2 10 1078.27 782.784
0 11 1240.01 288.23
1 11 1221.35 252.979
2 11 1217.2 209.434
0 12 1237.94 294.451
1 12 1221.35 259.2
2 12 1217.2 215.654
0 13 1277.34 302.746
1 13 1260.75 267.494
2 13 1256.6 223.949
0 14 1273.19 308.966
1 14 1256.6 271.642
2 14 1252.45 230.17
0 15 1551.05 391.91
1 15 1536.54 352.512
2 15 1536.54 304.819
0 16 1229.65 340.07
1 16 1213.06 304.819
2 16 1208.91 263.347
0 17 1088.64 850.176
1 17 1076.2 821.146
2 17 1078.27 781.747
0 18 1544.83 404.352
1 18 1530.32 364.954
2 18 1530.32 317.261
0 19 1528.24 398.131
1 19 1513.73 358.733
2 19 1513.73 311.04
0 20 1241.67 288.645
1 20 1224.25 251.32
2 20 1219.28 209.019
0 21 1239.18 296.11
1 21 1221.77 258.785
2 21 1216.79 216.484
0 22 1532.81 393.155
1 22 1517.88 353.342
2 22 1517.88 306.063
0 23 1274.02 308.552
1 23 1256.6 271.227
2 23 1251.63 228.925
0 24 1517.88 393.155
1 24 1502.95 353.342
2 24 1502.95 306.063
0 25 1089.88 848.517
1 25 1077.44 818.657
2 25 1079.93 781.333
0 26 1532.81 385.69
1 26 1517.88 345.877
2 26 1517.88 298.598
0 27 1229.23 338.412
1 27 1211.81 306.063
2 27 1209.32 261.274
0 28 1249.14 345.877
1 28 1234.21 311.04
2 28 1229.23 268.739
0 29 266.25 567.337
1 29 236.39 554.896
2 29 233.902 534.989
0 30 1560.18 408.085
1 30 1545.25 368.271
2 30 1545.25 320.993
0 31 1531.81 385.192
1 31 1516.88 346.374
2 31 1516.88 298.598
0 32 1516.88 391.164
1 32 1501.95 352.346
2 32 1501.95 304.57
0 33 1242.17 289.641
1 33 1224.25 253.809
2 33 1218.28 209.019
0 34 1522.85 382.206
1 34 1507.92 343.388
2 34 1507.92 295.612
0 35 1239.78 297.404
1 35 1221.27 259.781
2 35 1218.28 217.977
0 36 1552.71 391.164
1 36 1537.78 352.346
2 36 1537.78 304.57
0 37 1170.51 943.571
1 37 1167.52 916.697
2 37 1176.48 877.88
0 38 1272.03 310.542
1 38 1254.11 271.725
2 38 1251.13 229.921
0 39 1227.24 340.402
1 39 1209.32 304.57
2 39 1206.34 262.767
0 40 928.044 659.305
1 40 910.128 634.223
2 40 910.128 601.975
0 41 981.792 680.805
1 41 967.459 655.722
2 41 963.876 619.89
0 42 1243.36 286.655
1 42 1225.45 250.823
2 42 1218.28 207.825
0 43 1239.78 297.404
1 43 1221.86 261.572
2 43 1218.28 218.574
0 44 1522.85 383.4
1 44 1508.52 343.985
2 44 1504.94 297.404
0 45 1616.02 476.563
1 45 1601.68 437.148
2 45 1601.68 386.984
