11
0 0 980.813 510.106
1 0 1011.92 526.694
2 0 1040.95 543.283
0 1 970.445 501.811
1 1 1001.55 518.4
2 1 1030.58 534.989
0 2 1650.59 317.261
1 2 1698.28 329.702
2 2 1741.82 342.144
0 3 1341.2 848.517
1 3 1388.48 870.912
2 3 1430.78 893.307
0 4 128.563 470.707
1 4 151.373 485.222
2 4 169.206 500.152
0 5 945.562 716.636
1 5 977.91 734.055
2 5 1010.26 753.961
0 6 978.739 736.128
1 6 1012.75 753.961
2 6 1047.58 773.868
0 7 1036.14 101.523
1 7 1066 110.481
2 7 1092.87 119.439
0 8 412.066 379.22
1 8 432.968 391.164
2 8 450.884 403.108
0 9 403.108 391.164
1 9 424.01 403.108
2 9 441.926 415.052
0 10 831.298 652.139
1 10 859.964 670.055
2 10 888.629 684.388
