47
0 0 884.4 577.2
1 0 895.2 608.4
2 0 900 643.2
0 1 885.6 578.88
1 1 897.12 612
2 1 901.44 646.56
0 2 263.52 825.12
1 2 269.28 862.56
2 2 263.52 904.32
0 3 741.312 525.312
1 3 749.952 554.688
2 3 753.408 590.976
0 4 734.4 528.768
1 4 744.768 558.144
2 4 746.496 594.432
0 5 841.536 533.952
1 5 851.904 565.056
2 5 855.36 599.616
0 6 1463.62 492.48
1 6 1480.9 523.584
2 6 1487.81 558.144
0 7 1118.02 654.912
1 7 1133.57 687.744
2 7 1140.48 724.032
0 8 884.736 578.88
1 8 896.832 611.712
2 8 900.288 646.272
0 9 734.055 528.768
1 9 744.422 557.798
2 9 746.496 593.05
0 10 288.23 375.322
1 10 296.525 406.426
2 10 294.451 441.677
0 11 213.581 806.63
1 11 217.728 843.955
2 11 213.581 883.354
0 12 649.037 479.002
1 12 657.331 510.106
2 12 659.405 545.357
0 13 213.581 794.189
1 13 217.728 829.44
2 13 213.581 870.912
0 14 1122.23 634.522
1 14 1134.67 666.87
2 14 1142.14 701.706
0 15 211.507 808.704
1 15 216.484 846.029
2 15 211.507 885.842
0 16 296.11 368.271
1 16 303.575 398.131
2 16 301.087 432.968
0 17 634.522 788.798
1 17 644.475 823.634
2 17 646.963 860.959
0 18 851.006 574.802
1 18 860.959 604.662
2 18 863.447 639.498
0 19 1117.26 654.428
1 19 1132.19 686.776
2 19 1139.65 721.613
0 20 885.842 577.29
1 20 895.795 609.639
2 20 900.772 644.475
0 21 622.08 492.687
1 21 632.033 522.547
2 21 632.033 557.384
0 22 1502.95 908.237
1 22 1525.34 945.562
2 22 1537.78 985.375
0 23 734.055 527.524
1 23 744.008 557.384
2 23 746.496 592.22
0 24 649.452 477.758
1 24 656.917 510.106
2 24 659.405 544.942
0 25 1466.04 899.943
1 25 1488.02 938.097
2 25 1500.46 977.91
0 26 212.005 707.678
1 26 218.972 741.52
2 26 213.996 778.844
0 27 848.02 573.309
1 27 859.964 606.155
2 27 865.936 641.987
0 28 1501.95 907.739
1 28 1522.85 946.557
2 28 1537.78 985.375
0 29 1116.76 653.931
1 29 1131.69 686.776
2 29 1137.66 722.608
0 30 322.486 558.379
1 30 331.444 588.239
2 30 328.458 624.071
0 31 734.552 528.519
1 31 743.51 558.379
2 31 746.496 594.211
0 32 1465.62 900.772
1 32 1484.03 940.585
2 32 1498.96 976.417
0 33 265.753 833.09
1 33 271.725 868.922
2 33 265.753 910.725
0 34 722.608 830.104
1 34 731.566 862.95
2 34 731.566 901.767
0 35 1478.06 907.739
1 35 1501.35 942.377
2 35 1513.89 982.389
0 36 647.959 477.758
1 36 656.917 510.603
2 36 659.903 543.449
0 37 641.987 477.758
1 37 650.945 507.617
2 37 653.931 543.449
0 38 1114.37 652.139
1 38 1132.29 684.388
2 38 1135.87 720.22
0 39 644.973 469.397
1 39 655.722 501.645
2 39 655.722 533.894
0 40 209.019 812.188
1 40 211.408 849.214
2 40 207.825 888.629
0 41 1117.95 634.223
1 41 1132.29 666.472
2 41 1139.45 702.304
0 42 849.214 573.309
1 42 859.964 601.975
2 42 863.547 637.806
0 43 1641.1 845.631
1 43 1662.6 885.046
2 43 1676.93 920.878
0 44 630.64 526.728
1 44 637.806 558.976
2 44 637.806 594.808
0 45 211.408 709.47
1 45 218.972 741.52
2 45 211.408 781.134
0 46 730.969 494.479
1 46 741.719 523.145
2 46 745.302 558.976
