60
0 0 616 883
1 0 628 880
2 0 643 878
0 1 915.6 768
1 1 928.8 768
2 1 946 768
0 2 925 688
1 2 939 688
2 2 955 688
0 3 915.6 768
1 3 928.8 768
2 3 945.6 768
0 4 627.6 889.2
1 4 639.6 885.6
2 4 655.2 883.2
0 5 835.2 962.4
1 5 848.4 960
2 5 864 958.8
0 6 273.715 785.895
1 6 285.12 784.512
2 6 302.4 780
0 7 754.56 972
1 7 766.08 969.12
2 7 781.92 967.68
0 8 915.84 768.96
1 8 928.8 767.52
2 8 946.08 768.96
0 9 758.88 888.48
1 9 770.4 885.6
2 9 786.24 884.16
0 10 594.72 707.04
1 10 606.24 704.16
2 10 622.08 702.72
0 11 817.344 698.112
1 11 830.88 696.96
2 11 846.72 696.384
0 12 637.632 696.384
1 12 651.11 694.656
2 12 665.28 691.2
0 13 924.48 686.016
1 13 938.304 686.016
2 13 953.856 686.016
0 14 915.84 768.96
1 14 928.8 767.52
2 14 945.216 768.96
0 15 273.715 785.895
1 15 286.157 781.747
2 15 302.4 777.6
0 16 623.808 781.056
1 16 635.904 777.6
2 16 651.456 775.872
0 17 592.704 708.48
1 17 604.8 705.024
2 17 622.08 703.296
0 18 734.4 952.128
1 18 746.496 948.672
2 18 762.048 946.944
0 19 834.624 983.232
1 19 848.448 981.504
2 19 864 979.776
0 20 841.536 1003.97
1 20 853.632 1002.24
2 20 869.184 1000.51
0 21 699.84 915.84
1 21 711.936 912.384
2 21 727.488 910.656
0 22 684.288 896.832
1 22 696.384 893.376
2 22 711.936 891.648
0 23 915.84 768.96
1 23 929.664 768.96
2 23 945.562 769.306
0 24 593.05 707.098
1 24 605.491 705.024
2 24 622.08 702.951
0 25 823.219 700.877
1 25 835.661 700.877
2 25 852.25 700.877
0 26 818.657 699.218
1 26 831.514 696.73
2 26 848.103 698.803
0 27 620.006 700.877
1 27 632.448 698.803
2 27 646.963 698.803
0 28 713.318 908.237
1 28 723.687 906.163
2 28 740.275 904.09
0 29 273.715 785.895
1 29 286.157 781.333
2 29 302.746 777.6
0 30 624.568 778.844
1 30 637.01 776.356
2 30 651.94 773.868
0 31 819.072 698.803
1 31 930.632 768.891
2 31 948.05 771.379
0 32 923.167 773.868
1 32 835.661 700.877
2 32 953.027 773.868
0 33 632.033 846.029
1 33 644.475 843.541
2 33 659.405 841.052
0 34 273.715 785.895
1 34 286.157 781.333
2 34 303.575 778.844
0 35 651.94 863.447
1 35 664.382 860.959
2 35 679.312 858.471
0 36 771.379 992.84
1 36 783.821 990.352
2 36 798.751 987.863
0 37 823.219 700.877
1 37 835.661 700.877
2 37 853.494 701.706
0 38 756.449 883.354
1 38 768.891 880.865
2 38 783.821 878.377
0 39 584.755 788.798
1 39 597.197 786.309
2 39 612.127 783.821
0 40 734.055 950.538
1 40 746.496 948.05
2 40 761.426 945.562
0 41 915.702 689.265
1 41 930.632 689.265
2 41 948.05 689.265
0 42 637.01 696.73
1 42 649.452 694.241
2 42 664.382 691.753
0 43 619.592 704.195
1 43 632.033 696.73
2 43 646.963 696.73
0 44 916.697 770.384
1 44 831.514 696.73
2 44 848.517 699.218
0 45 731.566 952.529
1 45 743.51 949.543
2 45 758.44 946.557
0 46 630.043 848.02
1 46 641.987 845.034
2 46 656.917 842.048
0 47 609.141 818.16
1 47 621.085 815.174
2 47 636.015 812.188
0 48 582.267 791.286
1 48 594.211 788.3
2 48 609.141 785.314
0 49 273.715 785.895
1 49 286.655 782.328
2 49 304.57 779.342
0 50 633.029 698.72
1 50 647.959 695.734
2 50 662.889 692.748
0 51 621.085 701.706
1 51 633.029 698.72
2 51 647.959 695.734
0 52 922.669 776.356
1 52 835.661 700.877
2 52 952.529 776.356
0 53 818.16 701.706
1 53 831.298 698.72
2 53 848.02 698.72
0 54 591.225 710.664
1 54 604.662 704.195
2 54 618.099 704.692
0 55 916.697 770.384
1 55 930.632 768.891
2 55 946.557 770.384
0 56 922.669 707.678
1 56 934.613 707.678
2 56 952.529 707.678
0 57 916.697 770.384
1 57 930.632 768.891
2 57 945.96 770.384
0 58 591.225 709.47
1 58 601.975 705.887
2 58 619.89 702.304
0 59 619.89 698.72
1 59 634.223 695.137
2 59 648.556 695.137
