29
0 0 1575 688
1 0 1627.78 696.384
2 0 1694 707
0 1 325 302
1 1 375 294
2 1 434 291
0 2 1669 689
1 2 1728 698.4
2 2 1801.2 710.4
0 3 1574.4 688.8
1 3 1628.64 696.96
2 3 1694.4 706.8
0 4 1574.4 688.8
1 4 1627.78 696.384
2 4 1693.44 707.04
0 5 1365.12 782.784
1 5 1413.5 789.696
2 5 1472.26 798.336
0 6 1387.24 787.968
1 6 1434.93 794.189
2 6 1492.99 804.557
0 7 1629.85 908.237
1 7 1683.76 922.752
2 7 1752.19 939.341
0 8 1189.42 681.8
1 8 1233.79 686.362
2 8 1287.71 690.509
0 9 1668 688.8
1 9 1726.27 698.112
2 9 1797.81 711.245
0 10 1478.48 783.821
1 10 1528.24 792.115
2 10 1588.38 802.483
0 11 1189.62 680.805
1 11 1232.61 684.388
2 11 1286.46 689.265
0 12 1570.63 689.763
1 12 1624.87 696.73
2 12 1689.57 706.683
0 13 1637.31 689.265
1 13 1697.03 696.73
2 13 1766.71 709.171
0 14 1667.17 688.435
1 14 1726.89 699.218
2 14 1796.57 711.66
0 15 1385.99 786.309
1 15 1433.27 793.774
2 15 1492.99 803.728
0 16 1460.64 788.798
1 16 1510.41 796.263
2 16 1570.13 808.704
0 17 531.505 226.935
1 17 580.475 222.157
2 17 639.001 220.963
0 18 1637.31 689.265
1 18 1693.05 698.72
2 18 1764.72 710.664
0 19 1189.62 680.805
1 19 1233.21 686.776
2 19 1286.96 689.763
0 20 1569.43 687.971
1 20 1624.38 698.72
2 20 1690.07 707.678
0 21 334.43 259.781
1 21 385.192 253.809
2 21 444.912 250.823
0 22 1457.16 788.3
1 22 1507.92 797.258
2 22 1567.64 809.202
0 23 1368.58 783.821
1 23 1415.85 788.798
2 23 1472.09 800.244
0 24 530.311 225.74
1 24 580.475 222.157
2 24 637.806 218.574
0 25 1666.18 687.971
1 25 1723.51 698.72
2 25 1795.17 709.47
0 26 1569.43 687.971
1 26 1624.38 698.72
2 26 1687.68 705.887
0 27 1189.62 680.805
1 27 1233.21 686.776
2 27 1289.95 687.971
0 28 1382.51 788.3
1 28 1429.69 791.883
2 28 1487.02 802.633
