33
0 0 1527.55 682.56
1 0 1575 688
2 0 1629 696
0 1 1527.55 682.56
1 1 1574.4 688.8
2 1 1628.4 696
0 2 1618.56 681.12
1 2 1669 689
2 2 1726.56 698.4
0 3 1527.55 682.56
1 3 1574.4 688.8
2 3 1628.64 696.96
0 4 1526.17 682.214
1 4 1571.04 689.76
2 4 1624.32 696.96
0 5 1398.24 776.16
1 5 1402.56 783.36
2 5 1526.4 792
0 6 1527.55 682.56
1 6 1575 688
2 6 1627.78 696.384
0 7 1618.56 681.12
1 7 1668 688.8
2 7 1726.27 698.112
0 8 1596.67 789.696
1 8 1643.33 800.064
2 8 1698.62 812.16
0 9 1530.32 899.943
1 9 1575.94 910.311
2 9 1627.78 922.752
0 10 1567.64 868.839
1 10 1613.26 881.28
2 10 1667.17 893.722
0 11 1617.41 682.214
1 11 1667.52 688.32
2 11 1725.24 698.803
0 12 1527.55 682.56
1 12 1571.04 689.76
2 12 1625.7 696.73
0 13 1149.12 679.104
1 13 1187.14 682.56
2 13 1233.79 686.362
0 14 1584.23 895.795
1 14 1629.85 908.237
2 14 1683.76 922.752
0 15 1327.1 777.6
1 15 1366.5 783.821
2 15 1414.2 790.042
0 16 1399.68 775.526
1 16 1478.48 783.821
2 16 1528.24 792.115
0 17 1345.77 779.674
1 17 1387.24 787.968
2 17 1434.93 794.189
0 18 1149.6 679.312
1 18 1189.42 681.8
2 18 1234.21 686.776
0 19 1525.84 683.791
1 19 1570.63 689.763
2 19 1624.87 696.73
0 20 1590.04 681.8
1 20 1637.31 689.265
2 20 1697.03 696.73
0 21 1353.65 818.657
1 21 1395.95 826.122
2 21 1443.23 833.587
0 22 1418.34 781.333
1 22 1460.64 788.798
2 22 1510.41 796.263
0 23 1328.76 776.356
1 23 1368.58 783.821
2 23 1415.85 788.798
0 24 492.688 229.921
1 24 531.505 226.935
2 24 579.281 220.963
0 25 1615.42 683.791
1 25 1666.18 689.763
2 25 1722.91 698.72
0 26 1590.04 681.8
1 26 1637.31 689.265
2 26 1693.05 698.72
0 27 1525.84 683.791
1 27 1570.63 689.763
2 27 1624.38 698.72
0 28 1149.6 679.312
1 28 1188.42 683.791
2 28 1233.21 686.776
0 29 492.688 229.921
1 29 530.311 225.74
2 29 580.475 222.157
0 30 1150.2 677.221
1 30 1189.62 680.805
2 30 1232.61 684.388
0 31 1525.84 683.791
1 31 1569.43 687.971
2 31 1623.18 698.72
0 32 1616.02 680.805
1 32 1666.18 687.971
2 32 1723.51 698.72
