49
0 0 150.336 736.128
1 0 184.896 729.216
2 0 222.912 720.576
0 1 546.048 454.464
1 1 580.608 451.008
2 1 618.624 447.552
0 2 473.472 440.64
1 2 508.032 438.912
2 2 546.048 435.456
0 3 108.864 373.248
1 3 148.608 368.064
2 3 191.808 362.88
0 4 1736.64 782.784
1 4 1779.15 794.189
2 4 1826.5 805.248
0 5 442.368 399.168
1 5 479.002 396.058
2 5 516.326 393.984
0 6 433.382 528.768
1 6 468.634 524.621
2 6 505.958 520.474
0 7 545.357 454.118
1 7 580.608 452.045
2 7 617.933 447.898
0 8 551.578 447.898
1 8 586.829 445.824
2 8 624.154 443.75
0 9 472.781 441.677
1 9 508.032 439.603
2 9 545.357 435.456
0 10 149.299 736.128
1 10 184.896 729.216
2 10 219.802 721.613
0 11 551.578 425.088
1 11 586.829 425.088
2 11 624.154 420.941
0 12 1736.85 783.821
1 12 1778.11 793.152
2 12 1824.77 804.557
0 13 149.299 740.275
1 13 184.896 732.672
2 13 221.875 725.76
0 14 432.968 791.286
1 14 465.316 786.309
2 14 497.664 781.747
0 15 539.136 425.088
1 15 574.387 420.941
2 15 611.712 418.867
0 16 420.941 787.968
1 16 452.045 783.821
2 16 487.296 777.6
0 17 149.299 736.128
1 17 186.624 729.907
2 17 223.949 721.613
0 18 472.781 440.433
1 18 507.617 437.944
2 18 544.942 435.456
0 19 432.968 791.286
1 19 465.316 786.309
2 19 500.152 781.333
0 20 420.941 787.968
1 20 452.045 783.821
2 20 485.223 776.356
0 21 432.968 527.524
1 21 467.804 525.036
2 21 505.129 520.059
0 22 398.131 522.547
1 22 432.968 517.571
2 22 470.293 512.594
0 23 390.666 512.594
1 23 425.503 510.106
2 23 462.828 505.129
0 24 547.431 452.874
1 24 582.267 450.386
2 24 617.104 447.898
0 25 539.966 423.014
1 25 574.802 420.526
2 25 612.127 418.038
0 26 442.921 400.62
1 26 480.246 395.643
2 26 517.571 393.155
0 27 111.974 385.69
1 27 151.788 380.713
2 27 194.089 373.248
0 28 475.269 492.687
1 28 510.106 487.711
2 28 547.431 485.223
0 29 559.872 427.991
1 29 594.709 425.503
2 29 632.033 423.014
0 30 1737.84 781.134
1 30 1780.84 791.883
2 30 1826.43 803.728
0 31 151.788 734.055
1 31 189.112 729.078
2 31 223.949 719.125
0 32 298.598 875.889
1 32 331.444 868.922
2 32 367.276 862.95
0 33 152.285 734.552
1 33 188.117 728.58
2 33 223.949 719.622
0 34 355.332 179.159
1 34 394.15 176.173
2 34 435.954 173.187
0 35 1071.97 232.907
1 35 1107.8 232.907
2 35 1146.62 232.907
0 36 420.941 787.968
1 36 452.045 783.821
2 36 483.73 779.342
0 37 435.954 791.286
1 37 465.814 785.314
2 37 501.645 782.328
0 38 474.772 426.996
1 38 510.603 424.01
2 38 549.421 421.024
0 39 558.379 426.996
1 39 594.211 424.01
2 39 630.043 421.024
0 40 472.98 490.896
1 40 510.603 486.716
2 40 546.435 483.73
0 41 397.733 519.561
1 41 433.565 515.978
2 41 469.397 512.395
0 42 358.318 179.159
1 42 394.15 175.576
2 42 437.148 171.993
0 43 558.976 426.399
1 43 594.808 422.815
2 43 630.64 419.232
0 44 476.563 426.399
1 44 508.812 422.815
2 44 548.227 419.232
0 45 386.984 494.479
1 45 422.815 490.896
2 45 462.23 483.73
0 46 472.98 419.232
1 46 508.812 415.649
2 46 548.227 412.066
0 47 111.079 383.4
1 47 150.494 376.234
2 47 193.492 372.651
0 48 472.98 490.896
1 48 508.812 487.313
2 48 544.644 483.73
