26
0 0 1200 630
1 0 1270.8 638.4
2 0 1327.2 652.8
0 1 1429.2 712.8
1 1 1509.6 730.8
2 1 1576.8 752.4
0 2 1296 706.752
1 2 1264.07 634.522
2 2 1428.48 735.84
0 3 1310.4 642.24
1 3 1385.28 653.76
2 3 1445.76 669.6
0 4 1200 630
1 4 1270.08 637.92
2 4 1326.24 652.32
0 5 1194 624
1 5 1262.88 633.6
2 5 1319.04 648
0 6 1009.15 630.72
1 6 1069.98 630.375
2 6 1118.88 633.6
0 7 1442.88 673.92
1 7 1524.1 689.472
2 7 1591.49 711.936
0 8 1193.76 624.96
1 8 1262.88 633.6
2 8 1318.46 648
0 9 1009.15 630.72
1 9 1069.98 630.375
2 9 1118.02 634.176
0 10 1047.17 625.536
1 10 1110.24 626.4
2 10 1157.76 630.72
0 11 1202.69 604.8
1 11 1273.54 613.44
2 11 1330.56 627.264
0 12 1193.76 624.96
1 12 1263.17 634.176
2 12 1321.92 620.352
0 13 1194.05 625.536
1 13 1262.82 634.522
2 13 1318.81 649.037
0 14 1009.15 630.72
1 14 1069.98 630.375
2 14 1117.67 634.522
0 15 1194.39 627.057
1 15 1266.62 608.256
2 15 1322.96 622.08
0 16 1202.69 605.491
1 16 1271.12 611.712
2 16 1329.18 626.227
0 17 1194.39 627.057
1 17 1264.86 637.806
2 17 1321.3 649.452
0 18 1009.84 630.375
1 18 1069.63 630.72
2 18 1117.26 634.522
0 19 1201.86 604.662
1 19 1271.53 612.127
2 19 1328.76 624.568
0 20 1196.88 599.685
1 20 1263.07 636.015
2 20 1323.79 622.08
0 21 1194.39 627.057
1 21 1263.07 636.015
2 21 1319.81 650.945
0 22 1196.88 599.685
1 22 1263.07 636.015
2 22 1322.79 621.085
0 23 1009.26 630.043
1 23 1067.79 630.64
2 23 1114.37 634.223
0 24 1200.37 603.169
1 24 1264.86 637.806
2 24 1322.19 648.556
0 25 988.958 709.47
1 25 1046.29 709.47
2 25 1092.87 716.636
