31
0 0 1612.8 77.76
1 0 1563.84 99.36
2 0 1533.6 116.64
0 1 959.04 191.52
1 1 917.28 223.2
2 1 887.04 243.36
0 2 1324.8 622.08
1 2 1287.36 649.44
2 2 1261.44 666.72
0 3 1846.08 450.72
1 3 1797.12 470.88
2 3 1768.32 482.4
0 4 1299.46 952.128
1 4 1266.62 986.688
2 4 1242.43 1007.42
0 5 1283.9 943.488
1 5 1249.34 976.32
2 5 1225.15 998.784
0 6 1623.63 433.382
1 6 1582.16 454.118
2 6 1553.13 468.634
0 7 1488.84 642.816
1 7 1449.45 667.699
2 7 1424.56 684.288
0 8 1609.11 74.6496
1 8 1561.42 99.5328
2 8 1530.32 114.048
0 9 1283.56 943.488
1 9 1250.38 976.666
2 9 1225.5 999.475
0 10 958.003 190.771
1 10 914.458 223.949
2 10 885.427 244.685
0 11 1490.5 641.987
1 11 1450.69 666.87
2 11 1425.81 684.288
0 12 1627.36 430.479
1 12 1582.16 454.118
2 12 1555.2 467.804
0 13 1754.27 679.312
1 13 1710.97 701.706
2 13 1684.59 714.148
0 14 1318.81 564.849
1 14 1279 589.732
2 14 1254.11 607.15
0 15 948.05 199.066
1 15 905.749 231.414
2 15 875.889 253.809
0 16 1725.9 432.968
1 16 1681.11 450.884
2 16 1654.24 465.814
0 17 955.515 191.103
1 17 913.711 223.949
2 17 880.866 244.851
0 18 1391.47 119.439
1 18 1346.68 143.327
2 18 1316.82 161.243
0 19 1537.78 519.561
1 19 1495.98 543.449
2 19 1469.1 558.379
0 20 1490.01 641.987
1 20 1451.19 668.861
2 20 1424.31 683.791
0 21 1633.33 695.734
1 21 1591.53 716.636
2 21 1567.64 731.566
0 22 946.557 200.061
1 22 904.753 232.907
2 22 874.894 253.809
0 23 1752.77 680.805
1 23 1711.96 701.706
2 23 1684.1 716.636
0 24 1390.27 118.245
1 24 1347.28 143.327
2 24 1318.61 161.243
0 25 1630.35 691.554
1 25 1590.93 713.053
2 25 1565.85 730.969
0 26 953.126 189.909
1 26 913.711 222.157
2 26 881.463 243.656
0 27 1490.6 641.39
1 27 1451.19 666.472
2 27 1426.11 684.388
0 28 1727.09 429.982
1 28 1680.51 447.898
2 28 1651.85 462.23
0 29 1497.77 154.077
1 29 1451.19 179.159
2 29 1422.52 193.492
0 30 1388.48 95.5515
1 30 1343.69 121.828
2 30 1315.03 139.744
