3.024004309941386737e+02 0.000000000000000000e+00 2.397171857470300154e+02
0.000000000000000000e+00 2.784468951756853130e+02 1.716658898993572677e+02
0.000000000000000000e+00 0.000000000000000000e+00 1.000000000000000000e+00

-7.853310822019256288e-02 -4.093821508416107396e-02 7.462209509979629736e-03 -8.036662651937061599e-03 4.798570555284461386e-02

-1.985648038530165305e-01
-1.400031182383938422e-01
-1.598268959731807159e+00

-3.544514473655370423e+00
3.586306725525355787e+00
5.969598561507544865e+00
